label	area	season	lat	lon	asurv	sst	sstdif	sbt	sbtdif	ult	ultdif	npp	aswept	density	nsp	depth	mesh	vertop	horop	towsp	lnLsp	lnLind	nhauls	
Adriatic-Su-16	"Adriatic 16-449m"	Summer	43.86	15.74	54363	17.90	10.81	13.46	0.73	15.05	4.14	224	30.8	13073	114	232.5	20	2.3	16.5	3	3.84	3.63	657	
Alboran_Sea-Su-200	"Alboran Sea 200-810m"	Summer	36.75	-3.00	8812	18.30	7.17	13.10	-0.04	15.20	1.61	402	27.1	5804	73	505	20	3	19.4	3	3.76	3.50	251	
Alboran_Sea-Su-30	"Alboran Sea 30-200m"	Summer	36.75	-3.00	2247	18.40	7.57	13.20	-0.04	15.22	1.76	402	7.7	58514	130	115	20	3	16.4	3	3.64	3.48	169	 
Alicante_and_Eivissa-Su-200	"Alicante & Eivissa 200-788m"	Summer	38.55	0.00	5065	19.10	10.87	13.22	-0.03	15.32	2.99	209	16.2	7518	71	494	20	3	19.5	3	3.81	3.65	150	
Alicante_and_Eivissa-Su-30	"Alicante & Eivissa 30-200m"	Summer	38.55	0.00	5620	19.10	11.27	13.67	0.20	15.88	4.09	209	9.8	40656	126	115	20	3	16.4	3	3.73	3.65	215	
Bay_of_Biscay-Au-28	"Bay of Biscay 28-100m"	Autumn	45.84	-4.58	26316	14.70	8.18	11.97	0.79	13.18	3.96	520	36.9	205741	107	64	20	4	20.5	4	3.99	3.96	486	
Bear_Island-Au-36	"Bear Island 36-830m"	Autumn	76.98	18.73	258318	1.50	3.14	1.27	0.38	1.35	1.81	117	214.1	4660	56	433	16	7	25	3.4	3.80	4.26	1576	
Celtic_Sea-Au-65	"Celtic Sea 65-524m"	Autumn	49.90	-8.19	141601	12.90	6.00	10.57	0.34	11.50	2.52	317	37.8	70471	87	294.5	20	4.1	18.7	4	4.06	3.92	545	
Davis_Strait-Au-400	"Davis Strait 400-1500m"	Autumn	64.23	-54.73	52602	1.60	4.96	3.84	-0.29	1.88	1.65	114	42.3	1934	33	950	30	5	28	3	4.12	4.42	591	
E_Greenl_GDR-Au-200	"E Greenland 200-400m"	Autumn	62.75	-36.75	56488	4.20	1.47	4.68	0.08	4.61	0.72	112	97.8	3286	37	300	30	4	22	4.5	4.01	4.58	1069	
E_Greenl_GDR-Au-50	"E Greenland 50-200m"	Autumn	62.75	-36.75	17576	3.30	1.08	4.28	0.20	3.77	0.51	112	33.5	10369	37	125	30	4	22	4.5	3.96	4.38	366	
E_Greenland-Su-400	"E Greenland 400-1500m"	Summer	64.23	-35.75	43458	4.50	2.01	3.95	-0.07	4.86	1.06	112	34.5	1082	39	950	30	5	28	3	4.06	4.47	476	
Far_NE-Sp-200	"Faroe Islands NE Feb 200-500m"	Spring	61.67	-5.50	16393	8.70	3.53	5.52	0.44	8.14	2.25	215	27.5	29712	35	350	40	4	17.5	3	4.51	3.83	283	
Far_NE-Su-200	"Faroe Islands NE Aug 200-500m"	Summer	61.67	-5.50	16393	8.70	3.53	5.52	0.44	8.14	2.25	215	56.7	36847	53	350	40	4	17.5	3	4.27	3.81	585	
Far_Pla-Sp-65	"Faroe Plateau Feb 65-200m"	Spring	61.73	-6.67	18178	8.70	3.17	7.63	1.29	8.33	2.35	197	92.8	13825	36	132.5	40	4	16	3	4.45	4.34	1033	
Far_Pla-Su-65	"Faroe Plateau Feb 65-200m"	Summer	61.73	-6.67	18178	8.70	3.17	7.63	1.29	8.33	2.35	197	146.2	21028	45	132.5	40	4	16	3	4.39	4.29	1643	
Far_SW-Su-200	"Faroe SW 200-500m"	Summer	61.67	-7.92	8576	9.00	2.99	5.52	0.42	8.59	2.03	200	35.0	7589	29	350	40	4	17.5	3	4.45	4.18	361	
Guinea-All-5	"Guinea 5-50m"	All	9.75	-14.75	32558	27.30	1.38	22.64	3.41	25.29	2.85	694	82.1	74654	198	27.5	25	3	13	3	4.12	3.80	2280	
Guinea-All-50	"Guinea 50-200m"	All	9.75	-14.75	4783	27.30	1.43	16.99	1.38	22.40	2.54	694	3.7	77090	93	125	25	3	13	3	3.81	3.49	103	
GuLw1_N-Su-200	"Gulf St. Lawrence I 200-520m"	Summer	49.60	-62.35	59533	5.10	13.43	3.81	-0.08	1.75	3.21	324	62.2	8692	51	360	19	5.5	13.4	3	4.02	3.83	2100	
GuLw1_N-Su-40	"Gulf St. Lawrence I 40-200m"	Summer	49.60	-62.35	36826	5.10	13.43	3.81	-0.08	1.75	3.21	324	27.0	31710	49	120	19	5.5	13.4	3	3.85	3.27	911	
GuLw2_N-Su-200	"Gulf St. Lawrence II 200-671m"	Summer	49.60	-62.35	59533	5.10	13.43	3.81	-0.08	1.75	3.21	324	24.3	34942	57	360	12.7	4	16.9	3	3.98	3.80	1034	
GuLw2_N-Su-40	"Gulf St. Lawrence II 40-200m"	Summer	49.60	-62.35	36826	5.10	13.43	3.81	-0.08	1.75	3.21	324	15.8	131367	64	120	12.7	4	16.9	3	3.71	3.34	671	
Iceland_NE-Au-200	"Iceland NE 200-1160m"	Autumn	65.75	-16.63	106038	3.90	4.18	0.53	0.13	3.15	2.08	188	118.2	2845	46	679.75	40	5.5	17	3.8	4.15	4.37	1248	
Iceland_NE-Au-60	"Iceland NE 60-200m"	Autumn	65.52	-17.26	40140	5.20	4.65	3.94	1.59	4.67	3.01	188	44.5	10501	41	129.75	40	4.5	17	3.8	4.22	4.55	470	
Iceland_SW-Au-201	"Iceland SW 200-1313m"	Autumn	65.06	-25.77	50278	7.70	3.62	5.86	0.28	7.20	1.96	262	86.8	9603	48	756.25	40	5.5	17	3.8	4.25	4.10	916	
Iceland_SW-Au-42	"Iceland SW 42-200m"	Autumn	65.01	-20.49	39766	7.70	4.45	7.01	1.45	7.35	2.89	262	44.2	21534	43	120.75	40	4.5	17	3.8	4.19	4.29	467	
Mauritania-All-5	"Mauritania 5-50m"	All	18.50	-16.90	14127	20.80	6.89	17.60	4.12	19.34	5.79	1886	89.2	35119	208	27.5	40	4	17	3.5	4.05	3.74	1621	
Mauritania-All-50	"Mauretania 50-200m"	All	18.50	-16.90	10646	21.50	7.54	14.17	1.47	18.37	4.64	1886	70.7	32156	195	125	40	4	17	3.5	4.07	3.61	1285	
Morocco-All-200	"Morocco 200-400m"	All	32.29	-8.59	4876	19.10	3.83	12.23	-0.25	17.27	0.83	380	6.9	53759	68	300	40	2.1	21.4	3	3.92	3.46	178	
Morocco-All-22	"Morocco 22-200m"	All	32.29	-8.59	28889	19.20	3.97	15.23	-0.37	17.55	1.11	380	19.9	110799	95	111	40	2.1	21.4	3	3.97	3.31	548	
Morocco-All-400	"Morocco 400-890m"	All	32.29	-8.59	10690	19.20	4.04	10.48	-0.14	17.27	0.95	380	12.6	20595	53	645	40	2.1	21.4	3	3.90	3.60	227	
North_Sea-Su-11	"North Sea Aug 11-269m"	Summer	56.40	2.45	493244	10.10	8.14	8.36	3.49	9.16	5.66	387	289.2	128941	114	140	20	5	21	4	3.89	3.60	3736	
North_Sea-Wi-10	"North Sea Feb 10-270m"	Winter	56.18	2.27	499507	10.10	8.16	8.37	3.53	9.17	5.70	387	765.0	64510	119	140	20	5	21	4	3.76	3.65	9152	
Northern_Spain-Au-35.5	"Northern Spain 35.5-493m"	Autumn	43.03	-5.74	20279	15.50	5.72	11.74	0.31	13.88	2.15	379	137.0	83035	126	264	20	2	18.9	3	3.91	3.59	2610	
Norwegian_coast-Au-140	"Norwegian coast 140-803m"	Autumn	72.41	22.21	118922	6.10	3.70	3.52	-0.30	5.49	1.73	173	66.9	4364	42	471.5	16	7	25	3.4	4.11	4.16	530	
Porcupine_Bank-Au-189	"Porcupine Bank 189-763m"	Autumn	52.48	-13.10	53139	12.40	4.54	10.13	-0.05	11.40	2.01	235	42.4	95081	64	476	20	3.5	20	3.5	4.11	3.77	651	
Portugal_N-Au-14	"Portugal North 14-678m"	Autumn	40.60	-9.30	12482	16.30	4.66	13.22	-0.27	14.87	1.43	498	47.6	147489	104	346	20	4.6	15	3.5	3.88	3.37	678	
Portugal_S-Au-16	"Portugal South 19-690m"	Autumn	36.85	-8.24	2801	18.10	4.49	14.34	-0.35	16.56	1.34	498	29.8	264612	115	354.5	20	4.6	15	3.5	3.83	3.22	411	
Portugal_SW-Au-30	"Portugal Southwest 30-460m"	Autumn	38.27	-9.46	8248	17.00	4.00	13.36	-0.38	15.58	1.15	498	38.5	320856	118	245	20	4.6	15	3.5	3.83	3.20	567	
S_Barents_Sea-Au-36	"Southern Barents Sea 36-830m"	Autumn	73.24	38.71	820387	2.30	4.67	0.72	-0.02	1.47	1.93	128	296.3	4668	65	433	16	7	25	3.4	3.82	4.23	2144	
S_Tyrrhenian_Sea-Su-19	"South Tyrrhenian Sea 19-200m"	Summer	38.35	14.26	941	19.50	11.21	13.72	-0.01	15.80	2.96	170	6.2	13868	98	109.5	20	1.9	18.4	3	3.73	3.67	122	
S_Tyrrhenian_Sea-Su-200	"South Tyrrhenian Sea 200-693m"	Summer	38.35	14.26	1821	19.50	11.21	13.72	-0.01	15.80	2.96	170	13.0	2579	62	446.5	20	1.9	18.4	3	3.80	4.01	127	
Scotian_shelf-Su-17	"Scotian shelf 12-200m"	Summer	44.17	-62.40	190955	8.00	13.35	5.38	0.94	5.43	4.94	306	166.9	12559	85	106	19	4.6	12.5	3.5	3.78	4.12	4097	
Tramontana-Su-200	"Tramontana 200-767m"	Summer	41.00	2.15	5318	18.11	10.61	13.36	0.44	13.19	4.43	242	12.0	9731	55	483.5	20	3	20.3	3	3.63	3.59	106	
Tramontana-Su-30	"Tramontana 30-200m"	Summer	41.00	2.15	10149	17.70	10.19	13.11	0.06	14.67	3.55	242	31.6	70722	134	115	20	3	16.3	3	3.70	3.76	347	
W_Greenland_GDR-Au-200	"W Greenland 200-400m"	Autumn	62.88	-50.25	13077	1.60	3.86	3.75	0.10	1.95	1.79	125	67.7	2214	47	300	30	4	22	4.5	3.81	4.57	740	
W_Greenland_GDR-Au-50	"W Greenland 50-200m"	Autumn	62.88	-50.25	47617	1.60	3.43	2.87	0.43	1.90	1.73	125	121.8	3651	45	124.5	30	4	22	4.5	3.62	4.67	1331	
West_of_Scotland-Au-30	"West of Scotland Nov 30-500m"	Autumn	57.29	-7.66	114470	10.80	4.58	9.65	1.37	10.28	3.02	324	49.1	75053	91	265	20	4.6	20	4	3.98	3.83	527	
West_of_Scotland-Wi-10	"West of Scotland Mar 10-405m"	Winter	57.27	-7.66	114003	10.80	4.59	9.68	1.38	10.28	3.03	324	99.5	89244	92	207.5	20	4.6	20	4	3.93	3.87	991	
																								
																								
