label	survey	depth	asurv	mesh	vertop	horop	towsp	season	lat	lon	npp	sst	sstdif	sbt	sbtdif	ult	ultdif	mlgr	siz	aswept	nsp	density	nhauls	band
Adriatic-Su-16	"Adriatic 16-449m"	232.5	54363	20	2.3	16.5	3	Summer	43.9	15.7	223.5	17.90	10.81	13.46	0.73	15.05	4.14	e1.5	1.5	31	1	0.033	657	14-20.5
Alboran_Sea-Su-200	"Alboran Sea 200-810m"	505	8812	20	3	19.4	3	Summer	36.8	-3.0	402.0	18.30	7.17	13.10	-0.04	15.20	1.61	e1.5	1.5	27	1	0.443	251	14-20.5
Alboran_Sea-Su-30	"Alboran Sea 30-200m"	115	2247	20	3	16.4	3	Summer	36.8	-3.0	402.0	18.40	7.57	13.20	-0.04	15.22	1.76	e1.5	1.5	8	3	34.333	169	14-20.5
Alicante_and_Eivissa-Su-200	"Alicante & Eivissa 200-788m"	494	5065	20	3	19.5	3	Summer	38.6	0.0	208.6	19.10	10.87	13.22	-0.03	15.32	2.99	e1.5	1.5	16	1	0.309	150	14-20.5
Alicante_and_Eivissa-Su-30	"Alicante & Eivissa 30-200m"	115	5620	20	3	16.4	3	Summer	38.6	0.0	208.6	19.10	11.27	13.67	0.20	15.88	4.09	e1.5	1.5	10	2	200.153	215	14-20.5
Bay_of_Biscay-Au-28	"Bay of Biscay 28-100m"	64	26316	20	4	20.5	4	Autumn	45.8	-4.6	520.3	14.70	8.18	11.97	0.79	13.18	3.96	e1.5	1.5	37	0	0.000	486	7.5-14
Bear_Island-Au-36	"Bear Island 36-830m"	433	258318	16	7	25	3.4	Autumn	77.0	18.7	117.1	1.50	3.14	1.27	0.38	1.35	1.81	e1.5	1.5	214	0	0.000	1576	<7.5
Celtic_Sea-Au-65	"Celtic Sea 65-524m"	294.5	141601	20	4.1	18.7	4	Autumn	49.9	-8.2	317.1	12.90	6.00	10.57	0.34	11.50	2.52	e1.5	1.5	38	0	0.000	545	7.5-14
Davis_Strait-Au-400	"Davis Strait 400-1500m"	950	52602	30	5	28	3	Autumn	64.2	-54.7	114.1	1.60	4.96	3.84	-0.29	1.88	1.65	e1.5	1.5	42	0	0.000	591	<7.5
E_Greenl_GDR-Au-200	"E Greenland 200-400m"	300	56488	30	4	22	4.5	Autumn	62.8	-36.8	112.4	4.20	1.47	4.68	0.08	4.61	0.72	e1.5	1.5	98	0	0.000	1069	<7.5
E_Greenl_GDR-Au-50	"E Greenland 50-200m"	125	17576	30	4	22	4.5	Autumn	62.8	-36.8	112.4	3.30	1.08	4.28	0.20	3.77	0.51	e1.5	1.5	33	0	0.000	366	<7.5
E_Greenland-Su-400	"E Greenland 400-1500m"	950	43458	30	5	28	3	Summer	64.2	-35.8	112.4	4.50	2.01	3.95	-0.07	4.86	1.06	e1.5	1.5	34	0	0.000	476	<7.5
Far_NE-Sp-200	"Faroe Islands NE Feb 200-500m"	350	16393	40	4	17.5	3	Spring	61.7	-5.5	215.3	8.70	3.53	5.52	0.44	8.14	2.25	e1.5	1.5	27	0	0.000	283	7.5-14
Far_NE-Su-200	"Faroe Islands NE Aug 200-500m"	350	16393	40	4	17.5	3	Summer	61.7	-5.5	215.3	8.70	3.53	5.52	0.44	8.14	2.25	e1.5	1.5	57	0	0.000	585	7.5-14
Far_Pla-Sp-65	"Faroe Plateau Feb 65-200m"	132.5	18178	40	4	16	3	Spring	61.7	-6.7	196.8	8.70	3.17	7.63	1.29	8.33	2.35	e1.5	1.5	93	0	0.000	1033	7.5-14
Far_Pla-Su-65	"Faroe Plateau Feb 65-200m"	132.5	18178	40	4	16	3	Summer	61.7	-6.7	196.8	8.70	3.17	7.63	1.29	8.33	2.35	e1.5	1.5	146	0	0.000	1643	7.5-14
Far_SW-Su-200	"Faroe SW 200-500m"	350	8576	40	4	17.5	3	Summer	61.7	-7.9	199.7	9.00	2.99	5.52	0.42	8.59	2.03	e1.5	1.5	35	0	0.000	361	7.5-14
Guinea-All-5	"Guinea 5-50m"	27.5	32558	25	3	13	3	All	9.8	-14.8	693.7	27.30	1.38	22.64	3.41	25.29	2.85	e1.5	1.5	82	0	0.000	2280	>20.5
Guinea-All-50	"Guinea 50-200m"	125	4783	25	3	13	3	All	9.8	-14.8	693.7	27.30	1.43	16.99	1.38	22.40	2.54	e1.5	1.5	4	0	0.000	103	>20.5
GuLw1_N-Su-200	"Gulf St. Lawrence I 200-520m"	360	59533	19	5.5	13.4	3	Summer	49.6	-62.4	324.4	5.10	13.43	3.81	-0.08	1.75	3.21	e1.5	1.5	62	0	0.000	2100	<7.5
GuLw1_N-Su-40	"Gulf St. Lawrence I 40-200m"	120	36826	19	5.5	13.4	3	Summer	49.6	-62.4	324.4	5.10	13.43	3.81	-0.08	1.75	3.21	e1.5	1.5	27	0	0.000	911	<7.5
GuLw2_N-Su-200	"Gulf St. Lawrence II 200-671m"	360	59533	12.7	4	16.9	3	Summer	49.6	-62.4	324.4	5.10	13.43	3.81	-0.08	1.75	3.21	e1.5	1.5	24	0	0.000	1034	<7.5
GuLw2_N-Su-40	"Gulf St. Lawrence II 40-200m"	120	36826	12.7	4	16.9	3	Summer	49.6	-62.4	324.4	5.10	13.43	3.81	-0.08	1.75	3.21	e1.5	1.5	16	0	0.000	671	<7.5
Iceland_NE-Au-200	"Iceland NE 200-1160m"	679.75	106038	40	5.5	17	3.8	Autumn	65.8	-16.6	187.6	3.90	4.18	0.53	0.13	3.15	2.08	e1.5	1.5	118	0	0.000	1248	<7.5
Iceland_NE-Au-60	"Iceland NE 60-200m"	129.75	40140	40	4.5	17	3.8	Autumn	65.5	-17.3	187.6	5.20	4.65	3.94	1.59	4.67	3.01	e1.5	1.5	45	0	0.000	470	<7.5
Iceland_SW-Au-201	"Iceland SW 200-1313m"	756.25	50278	40	5.5	17	3.8	Autumn	65.1	-25.8	262.1	7.70	3.62	5.86	0.28	7.20	1.96	e1.5	1.5	87	0	0.000	916	<7.6
Iceland_SW-Au-42	"Iceland SW 42-200m"	120.75	39766	40	4.5	17	3.8	Autumn	65.0	-20.5	262.1	7.70	4.45	7.01	1.45	7.35	2.89	e1.5	1.5	44	0	0.000	467	<7.7
Mauritania-All-5	"Mauritania 5-50m"	27.5	14127	40	4	17	3.5	All	18.5	-16.9	1885.6	20.80	6.89	17.60	4.12	19.34	5.79	e1.5	1.5	89	0	0.000	1621	14-20.5
Mauritania-All-50	"Mauretania 50-200m"	125	10646	40	4	17	3.5	All	18.5	-16.9	1885.6	21.50	7.54	14.17	1.47	18.37	4.64	e1.5	1.5	71	0	0.000	1285	14-20.5
Morocco-All-200	"Morocco 200-400m"	300	4876	40	2.1	21.4	3	All	32.3	-8.6	380.3	19.10	3.83	12.23	-0.25	17.27	0.83	e1.5	1.5	7	0	0.000	178	14-20.5
Morocco-All-22	"Morocco 22-200m"	111	28889	40	2.1	21.4	3	All	32.3	-8.6	380.3	19.20	3.97	15.23	-0.37	17.55	1.11	e1.5	1.5	20	0	0.000	548	14-20.5
Morocco-All-400	"Morocco 400-890m"	645	10690	40	2.1	21.4	3	All	32.3	-8.6	380.3	19.20	4.04	10.48	-0.14	17.27	0.95	e1.5	1.5	13	0	0.000	227	14-20.5
North_Sea-Su-11	"North Sea Aug 11-269m"	140	493244	20	5	21	4	Summer	56.4	2.4	387.3	10.10	8.14	8.36	3.49	9.16	5.66	e1.5	1.5	289	1	0.100	3736	7.5-14
North_Sea-Wi-10	"North Sea Feb 10-270m"	140	499507	20	5	21	4	Winter	56.2	2.3	387.3	10.10	8.16	8.37	3.53	9.17	5.70	e1.5	1.5	765	1	0.056	9152	7.5-14
Northern_Spain-Au-35.5	"Northern Spain 35.5-493m"	264	20279	20	2	18.9	3	Autumn	43.0	-5.7	379.1	15.50	5.72	11.74	0.31	13.88	2.15	e1.5	1.5	137	1	0.153	2610	7.5-14
Norwegian_coast-Au-140	"Norwegian coast 140-803m"	471.5	118922	16	7	25	3.4	Autumn	72.4	22.2	172.6	6.10	3.70	3.52	-0.30	5.49	1.73	e1.5	1.5	67	0	0.000	530	<7.5
Porcupine_Bank-Au-189	"Porcupine Bank 189-763m"	476	53139	20	3.5	20	3.5	Autumn	52.5	-13.1	235.2	12.40	4.54	10.13	-0.05	11.40	2.01	e1.5	1.5	42	0	0.000	651	7.5-14
Portugal_N-Au-14	"Portugal North 14-678m"	346	12482	20	4.6	15	3.5	Autumn	40.6	-9.3	497.6	16.30	4.66	13.22	-0.27	14.87	1.43	e1.5	1.5	48	0	0.000	678	14-20.5
Portugal_S-Au-16	"Portugal South 19-690m"	354.5	2801	20	4.6	15	3.5	Autumn	36.9	-8.2	497.6	18.10	4.49	14.34	-0.35	16.56	1.34	e1.5	1.5	30	0	0.000	411	14-20.5
Portugal_SW-Au-30	"Portugal Southwest 30-460m"	245	8248	20	4.6	15	3.5	Autumn	38.3	-9.5	497.6	17.00	4.00	13.36	-0.38	15.58	1.15	e1.5	1.5	39	0	0.000	567	14-20.5
S_Barents_Sea-Au-36	"Southern Barents Sea 36-830m"	433	820387	16	7	25	3.4	Autumn	73.2	38.7	128.0	2.30	4.67	0.72	-0.02	1.47	1.93	e1.5	1.5	296	0	0.000	2144	<7.5
S_Tyrrhenian_Sea-Su-19	"South Tyrrhenian Sea 19-200m"	109.5	941	20	1.9	18.4	3	Summer	38.3	14.3	170.0	19.50	11.21	13.72	-0.01	15.80	2.96	e1.5	1.5	6	1	6.268	122	14-20.5
S_Tyrrhenian_Sea-Su-200	"South Tyrrhenian Sea 200-693m"	446.5	1821	20	1.9	18.4	3	Summer	38.3	14.3	170.0	19.50	11.21	13.72	-0.01	15.80	2.96	e1.5	1.5	13	1	3.242	127	14-20.5
Scotian_shelf-Su-17	"Scotian shelf 12-200m"	106	190955	19	4.6	12.5	3.5	Summer	44.2	-62.4	306.2	8.00	13.35	5.38	0.94	5.43	4.94	e1.5	1.5	167	0	0.000	4097	7.5-14
Tramontana-Su-200	"Tramontana 200-767m"	483.5	5318	20	3	20.3	3	Summer	41.0	2.2	241.6	18.11	10.61	13.36	0.44	13.19	4.43	e1.5	1.5	12	1	0.751	106	14-20.5
Tramontana-Su-30	"Tramontana 30-200m"	115	10149	20	3	16.3	3	Summer	41.0	2.2	241.6	17.70	10.19	13.11	0.06	14.67	3.55	e1.5	1.5	32	2	102.353	347	14-20.5
W_Greenland_GDR-Au-200	"W Greenland 200-400m"	300	13077	30	4	22	4.5	Autumn	62.9	-50.3	124.5	1.60	3.86	3.75	0.10	1.95	1.79	e1.5	1.5	68	0	0.000	740	<7.5
W_Greenland_GDR-Au-50	"W Greenland 50-200m"	124.5	47617	30	4	22	4.5	Autumn	62.9	-50.3	124.5	1.60	3.43	2.87	0.43	1.90	1.73	e1.5	1.5	122	0	0.000	1331	<7.5
West_of_Scotland-Au-30	"West of Scotland Nov 30-500m"	265	114470	20	4.6	20	4	Autumn	57.3	-7.7	324.4	10.80	4.58	9.65	1.37	10.28	3.02	e1.5	1.5	49	0	0.000	527	7.5-14
West_of_Scotland-Wi-10	"West of Scotland Mar 10-405m"	207.5	114003	20	4.6	20	4	Winter	57.3	-7.7	324.4	10.80	4.59	9.68	1.38	10.28	3.03	e1.5	1.5	99	1	0.314	991	7.5-14
Adriatic-Su-16	"Adriatic 16-449m"	232.5	54363	20	2.3	16.5	3	Summer	43.9	15.7	223.5	17.90	10.81	13.46	0.73	15.05	4.14	e2	2	31	3	118.830	657	14-20.5
Alboran_Sea-Su-200	"Alboran Sea 200-810m"	505	8812	20	3	19.4	3	Summer	36.8	-3.0	402.0	18.30	7.17	13.10	-0.04	15.20	1.61	e2	2	27	1	0.074	251	14-20.5
Alboran_Sea-Su-30	"Alboran Sea 30-200m"	115	2247	20	3	16.4	3	Summer	36.8	-3.0	402.0	18.40	7.57	13.20	-0.04	15.22	1.76	e2	2	8	6	565.706	169	14-20.5
Alicante_and_Eivissa-Su-200	"Alicante & Eivissa 200-788m"	494	5065	20	3	19.5	3	Summer	38.6	0.0	208.6	19.10	10.87	13.22	-0.03	15.32	2.99	e2	2	16	1	0.062	150	14-20.5
Alicante_and_Eivissa-Su-30	"Alicante & Eivissa 30-200m"	115	5620	20	3	16.4	3	Summer	38.6	0.0	208.6	19.10	11.27	13.67	0.20	15.88	4.09	e2	2	10	5	3525.070	215	14-20.5
Bay_of_Biscay-Au-28	"Bay of Biscay 28-100m"	64	26316	20	4	20.5	4	Autumn	45.8	-4.6	520.3	14.70	8.18	11.97	0.79	13.18	3.96	e2	2	37	0	0.000	486	7.5-14
Bear_Island-Au-36	"Bear Island 36-830m"	433	258318	16	7	25	3.4	Autumn	77.0	18.7	117.1	1.50	3.14	1.27	0.38	1.35	1.81	e2	2	214	1	0.021	1576	<7.5
Celtic_Sea-Au-65	"Celtic Sea 65-524m"	294.5	141601	20	4.1	18.7	4	Autumn	49.9	-8.2	317.1	12.90	6.00	10.57	0.34	11.50	2.52	e2	2	38	0	0.000	545	7.5-14
Davis_Strait-Au-400	"Davis Strait 400-1500m"	950	52602	30	5	28	3	Autumn	64.2	-54.7	114.1	1.60	4.96	3.84	-0.29	1.88	1.65	e2	2	42	0	0.000	591	<7.5
E_Greenl_GDR-Au-200	"E Greenland 200-400m"	300	56488	30	4	22	4.5	Autumn	62.8	-36.8	112.4	4.20	1.47	4.68	0.08	4.61	0.72	e2	2	98	0	0.000	1069	<7.5
E_Greenl_GDR-Au-50	"E Greenland 50-200m"	125	17576	30	4	22	4.5	Autumn	62.8	-36.8	112.4	3.30	1.08	4.28	0.20	3.77	0.51	e2	2	33	0	0.000	366	<7.5
E_Greenland-Su-400	"E Greenland 400-1500m"	950	43458	30	5	28	3	Summer	64.2	-35.8	112.4	4.50	2.01	3.95	-0.07	4.86	1.06	e2	2	34	0	0.000	476	<7.5
Far_NE-Sp-200	"Faroe Islands NE Feb 200-500m"	350	16393	40	4	17.5	3	Spring	61.7	-5.5	215.3	8.70	3.53	5.52	0.44	8.14	2.25	e2	2	27	0	0.000	283	7.5-14
Far_NE-Su-200	"Faroe Islands NE Aug 200-500m"	350	16393	40	4	17.5	3	Summer	61.7	-5.5	215.3	8.70	3.53	5.52	0.44	8.14	2.25	e2	2	57	0	0.000	585	7.5-14
Far_Pla-Sp-65	"Faroe Plateau Feb 65-200m"	132.5	18178	40	4	16	3	Spring	61.7	-6.7	196.8	8.70	3.17	7.63	1.29	8.33	2.35	e2	2	93	0	0.000	1033	7.5-14
Far_Pla-Su-65	"Faroe Plateau Feb 65-200m"	132.5	18178	40	4	16	3	Summer	61.7	-6.7	196.8	8.70	3.17	7.63	1.29	8.33	2.35	e2	2	146	0	0.000	1643	7.5-14
Far_SW-Su-200	"Faroe SW 200-500m"	350	8576	40	4	17.5	3	Summer	61.7	-7.9	199.7	9.00	2.99	5.52	0.42	8.59	2.03	e2	2	35	0	0.000	361	7.5-14
Guinea-All-5	"Guinea 5-50m"	27.5	32558	25	3	13	3	All	9.8	-14.8	693.7	27.30	1.38	22.64	3.41	25.29	2.85	e2	2	82	0	0.000	2280	>20.5
Guinea-All-50	"Guinea 50-200m"	125	4783	25	3	13	3	All	9.8	-14.8	693.7	27.30	1.43	16.99	1.38	22.40	2.54	e2	2	4	0	0.000	103	>20.5
GuLw1_N-Su-200	"Gulf St. Lawrence I 200-520m"	360	59533	19	5.5	13.4	3	Summer	49.6	-62.4	324.4	5.10	13.43	3.81	-0.08	1.75	3.21	e2	2	62	1	0.054	2100	<7.5
GuLw1_N-Su-40	"Gulf St. Lawrence I 40-200m"	120	36826	19	5.5	13.4	3	Summer	49.6	-62.4	324.4	5.10	13.43	3.81	-0.08	1.75	3.21	e2	2	27	1	1.058	911	<7.5
GuLw2_N-Su-200	"Gulf St. Lawrence II 200-671m"	360	59533	12.7	4	16.9	3	Summer	49.6	-62.4	324.4	5.10	13.43	3.81	-0.08	1.75	3.21	e2	2	24	0	0.000	1034	<7.5
GuLw2_N-Su-40	"Gulf St. Lawrence II 40-200m"	120	36826	12.7	4	16.9	3	Summer	49.6	-62.4	324.4	5.10	13.43	3.81	-0.08	1.75	3.21	e2	2	16	1	19.663	671	<7.5
Iceland_NE-Au-200	"Iceland NE 200-1160m"	679.75	106038	40	5.5	17	3.8	Autumn	65.8	-16.6	187.6	3.90	4.18	0.53	0.13	3.15	2.08	e2	2	118	0	0.000	1248	<7.5
Iceland_NE-Au-60	"Iceland NE 60-200m"	129.75	40140	40	4.5	17	3.8	Autumn	65.5	-17.3	187.6	5.20	4.65	3.94	1.59	4.67	3.01	e2	2	45	0	0.000	470	<7.5
Iceland_SW-Au-201	"Iceland SW 200-1313m"	756.25	50278	40	5.5	17	3.8	Autumn	65.1	-25.8	262.1	7.70	3.62	5.86	0.28	7.20	1.96	e2	2	87	0	0.000	916	<7.6
Iceland_SW-Au-42	"Iceland SW 42-200m"	120.75	39766	40	4.5	17	3.8	Autumn	65.0	-20.5	262.1	7.70	4.45	7.01	1.45	7.35	2.89	e2	2	44	0	0.000	467	<7.7
Mauritania-All-5	"Mauritania 5-50m"	27.5	14127	40	4	17	3.5	All	18.5	-16.9	1885.6	20.80	6.89	17.60	4.12	19.34	5.79	e2	2	89	0	0.000	1621	14-20.5
Mauritania-All-50	"Mauretania 50-200m"	125	10646	40	4	17	3.5	All	18.5	-16.9	1885.6	21.50	7.54	14.17	1.47	18.37	4.64	e2	2	71	0	0.000	1285	14-20.5
Morocco-All-200	"Morocco 200-400m"	300	4876	40	2.1	21.4	3	All	32.3	-8.6	380.3	19.10	3.83	12.23	-0.25	17.27	0.83	e2	2	7	0	0.000	178	14-20.5
Morocco-All-22	"Morocco 22-200m"	111	28889	40	2.1	21.4	3	All	32.3	-8.6	380.3	19.20	3.97	15.23	-0.37	17.55	1.11	e2	2	20	0	0.000	548	14-20.5
Morocco-All-400	"Morocco 400-890m"	645	10690	40	2.1	21.4	3	All	32.3	-8.6	380.3	19.20	4.04	10.48	-0.14	17.27	0.95	e2	2	13	0	0.000	227	14-20.5
North_Sea-Su-11	"North Sea Aug 11-269m"	140	493244	20	5	21	4	Summer	56.4	2.4	387.3	10.10	8.14	8.36	3.49	9.16	5.66	e2	2	289	1	0.106	3736	7.5-14
North_Sea-Wi-10	"North Sea Feb 10-270m"	140	499507	20	5	21	4	Winter	56.2	2.3	387.3	10.10	8.16	8.37	3.53	9.17	5.70	e2	2	765	4	0.103	9152	7.5-14
Northern_Spain-Au-35.5	"Northern Spain 35.5-493m"	264	20279	20	2	18.9	3	Autumn	43.0	-5.7	379.1	15.50	5.72	11.74	0.31	13.88	2.15	e2	2	137	1	9.925	2610	7.5-14
Norwegian_coast-Au-140	"Norwegian coast 140-803m"	471.5	118922	16	7	25	3.4	Autumn	72.4	22.2	172.6	6.10	3.70	3.52	-0.30	5.49	1.73	e2	2	67	0	0.000	530	<7.5
Porcupine_Bank-Au-189	"Porcupine Bank 189-763m"	476	53139	20	3.5	20	3.5	Autumn	52.5	-13.1	235.2	12.40	4.54	10.13	-0.05	11.40	2.01	e2	2	42	2	0.417	651	7.5-14
Portugal_N-Au-14	"Portugal North 14-678m"	346	12482	20	4.6	15	3.5	Autumn	40.6	-9.3	497.6	16.30	4.66	13.22	-0.27	14.87	1.43	e2	2	48	0	0.000	678	14-20.5
Portugal_S-Au-16	"Portugal South 19-690m"	354.5	2801	20	4.6	15	3.5	Autumn	36.9	-8.2	497.6	18.10	4.49	14.34	-0.35	16.56	1.34	e2	2	30	1	0.067	411	14-20.5
Portugal_SW-Au-30	"Portugal Southwest 30-460m"	245	8248	20	4.6	15	3.5	Autumn	38.3	-9.5	497.6	17.00	4.00	13.36	-0.38	15.58	1.15	e2	2	39	0	0.000	567	14-20.5
S_Barents_Sea-Au-36	"Southern Barents Sea 36-830m"	433	820387	16	7	25	3.4	Autumn	73.2	38.7	128.0	2.30	4.67	0.72	-0.02	1.47	1.93	e2	2	296	2	1.820	2144	<7.5
S_Tyrrhenian_Sea-Su-19	"South Tyrrhenian Sea 19-200m"	109.5	941	20	1.9	18.4	3	Summer	38.3	14.3	170.0	19.50	11.21	13.72	-0.01	15.80	2.96	e2	2	6	2	53.800	122	14-20.5
S_Tyrrhenian_Sea-Su-200	"South Tyrrhenian Sea 200-693m"	446.5	1821	20	1.9	18.4	3	Summer	38.3	14.3	170.0	19.50	11.21	13.72	-0.01	15.80	2.96	e2	2	13	1	2.197	127	14-20.5
Scotian_shelf-Su-17	"Scotian shelf 12-200m"	106	190955	19	4.6	12.5	3.5	Summer	44.2	-62.4	306.2	8.00	13.35	5.38	0.94	5.43	4.94	e2	2	167	2	0.158	4097	7.5-14
Tramontana-Su-200	"Tramontana 200-767m"	483.5	5318	20	3	20.3	3	Summer	41.0	2.2	241.6	18.11	10.61	13.36	0.44	13.19	4.43	e2	2	12	1	0.083	106	14-20.5
Tramontana-Su-30	"Tramontana 30-200m"	115	10149	20	3	16.3	3	Summer	41.0	2.2	241.6	17.70	10.19	13.11	0.06	14.67	3.55	e2	2	32	5	1652.912	347	14-20.5
W_Greenland_GDR-Au-200	"W Greenland 200-400m"	300	13077	30	4	22	4.5	Autumn	62.9	-50.3	124.5	1.60	3.86	3.75	0.10	1.95	1.79	e2	2	68	0	0.000	740	<7.5
W_Greenland_GDR-Au-50	"W Greenland 50-200m"	124.5	47617	30	4	22	4.5	Autumn	62.9	-50.3	124.5	1.60	3.43	2.87	0.43	1.90	1.73	e2	2	122	0	0.000	1331	<7.5
West_of_Scotland-Au-30	"West of Scotland Nov 30-500m"	265	114470	20	4.6	20	4	Autumn	57.3	-7.7	324.4	10.80	4.58	9.65	1.37	10.28	3.02	e2	2	49	0	0.000	527	7.5-14
West_of_Scotland-Wi-10	"West of Scotland Mar 10-405m"	207.5	114003	20	4.6	20	4	Winter	57.3	-7.7	324.4	10.80	4.59	9.68	1.38	10.28	3.03	e2	2	99	0	0.000	991	7.5-14
Adriatic-Su-16	"Adriatic 16-449m"	232.5	54363	20	2.3	16.5	3	Summer	43.9	15.7	223.5	17.90	10.81	13.46	0.73	15.05	4.14	e2.5	2.5	31	8	465.769	657	14-20.5
Alboran_Sea-Su-200	"Alboran Sea 200-810m"	505	8812	20	3	19.4	3	Summer	36.8	-3.0	402.0	18.30	7.17	13.10	-0.04	15.20	1.61	e2.5	2.5	27	9	2443.928	251	14-20.5
Alboran_Sea-Su-30	"Alboran Sea 30-200m"	115	2247	20	3	16.4	3	Summer	36.8	-3.0	402.0	18.40	7.57	13.20	-0.04	15.22	1.76	e2.5	2.5	8	11	2891.475	169	14-20.5
Alicante_and_Eivissa-Su-200	"Alicante & Eivissa 200-788m"	494	5065	20	3	19.5	3	Summer	38.6	0.0	208.6	19.10	10.87	13.22	-0.03	15.32	2.99	e2.5	2.5	16	7	2150.309	150	14-20.5
Alicante_and_Eivissa-Su-30	"Alicante & Eivissa 30-200m"	115	5620	20	3	16.4	3	Summer	38.6	0.0	208.6	19.10	11.27	13.67	0.20	15.88	4.09	e2.5	2.5	10	7	950.779	215	14-20.5
Bay_of_Biscay-Au-28	"Bay of Biscay 28-100m"	64	26316	20	4	20.5	4	Autumn	45.8	-4.6	520.3	14.70	8.18	11.97	0.79	13.18	3.96	e2.5	2.5	37	7	230.434	486	7.5-14
Bear_Island-Au-36	"Bear Island 36-830m"	433	258318	16	7	25	3.4	Autumn	77.0	18.7	117.1	1.50	3.14	1.27	0.38	1.35	1.81	e2.5	2.5	214	7	59.252	1576	<7.5
Celtic_Sea-Au-65	"Celtic Sea 65-524m"	294.5	141601	20	4.1	18.7	4	Autumn	49.9	-8.2	317.1	12.90	6.00	10.57	0.34	11.50	2.52	e2.5	2.5	38	8	495.634	545	7.5-14
Davis_Strait-Au-400	"Davis Strait 400-1500m"	950	52602	30	5	28	3	Autumn	64.2	-54.7	114.1	1.60	4.96	3.84	-0.29	1.88	1.65	e2.5	2.5	42	2	158.081	591	<7.5
E_Greenl_GDR-Au-200	"E Greenland 200-400m"	300	56488	30	4	22	4.5	Autumn	62.8	-36.8	112.4	4.20	1.47	4.68	0.08	4.61	0.72	e2.5	2.5	98	4	42.787	1069	<7.5
E_Greenl_GDR-Au-50	"E Greenland 50-200m"	125	17576	30	4	22	4.5	Autumn	62.8	-36.8	112.4	3.30	1.08	4.28	0.20	3.77	0.51	e2.5	2.5	33	5	4.650	366	<7.5
E_Greenland-Su-400	"E Greenland 400-1500m"	950	43458	30	5	28	3	Summer	64.2	-35.8	112.4	4.50	2.01	3.95	-0.07	4.86	1.06	e2.5	2.5	34	4	22.036	476	<7.5
Far_NE-Sp-200	"Faroe Islands NE Feb 200-500m"	350	16393	40	4	17.5	3	Spring	61.7	-5.5	215.3	8.70	3.53	5.52	0.44	8.14	2.25	e2.5	2.5	27	1	460.228	283	7.5-14
Far_NE-Su-200	"Faroe Islands NE Aug 200-500m"	350	16393	40	4	17.5	3	Summer	61.7	-5.5	215.3	8.70	3.53	5.52	0.44	8.14	2.25	e2.5	2.5	57	3	280.289	585	7.5-14
Far_Pla-Sp-65	"Faroe Plateau Feb 65-200m"	132.5	18178	40	4	16	3	Spring	61.7	-6.7	196.8	8.70	3.17	7.63	1.29	8.33	2.35	e2.5	2.5	93	1	3.510	1033	7.5-14
Far_Pla-Su-65	"Faroe Plateau Feb 65-200m"	132.5	18178	40	4	16	3	Summer	61.7	-6.7	196.8	8.70	3.17	7.63	1.29	8.33	2.35	e2.5	2.5	146	3	41.778	1643	7.5-14
Far_SW-Su-200	"Faroe SW 200-500m"	350	8576	40	4	17.5	3	Summer	61.7	-7.9	199.7	9.00	2.99	5.52	0.42	8.59	2.03	e2.5	2.5	35	3	319.645	361	7.5-14
Guinea-All-5	"Guinea 5-50m"	27.5	32558	25	3	13	3	All	9.8	-14.8	693.7	27.30	1.38	22.64	3.41	25.29	2.85	e2.5	2.5	82	3	0.085	2280	>20.5
Guinea-All-50	"Guinea 50-200m"	125	4783	25	3	13	3	All	9.8	-14.8	693.7	27.30	1.43	16.99	1.38	22.40	2.54	e2.5	2.5	4	3	41.852	103	>20.5
GuLw1_N-Su-200	"Gulf St. Lawrence I 200-520m"	360	59533	19	5.5	13.4	3	Summer	49.6	-62.4	324.4	5.10	13.43	3.81	-0.08	1.75	3.21	e2.5	2.5	62	3	9.436	2100	<7.5
GuLw1_N-Su-40	"Gulf St. Lawrence I 40-200m"	120	36826	19	5.5	13.4	3	Summer	49.6	-62.4	324.4	5.10	13.43	3.81	-0.08	1.75	3.21	e2.5	2.5	27	3	54.407	911	<7.5
GuLw2_N-Su-200	"Gulf St. Lawrence II 200-671m"	360	59533	12.7	4	16.9	3	Summer	49.6	-62.4	324.4	5.10	13.43	3.81	-0.08	1.75	3.21	e2.5	2.5	24	5	88.248	1034	<7.5
GuLw2_N-Su-40	"Gulf St. Lawrence II 40-200m"	120	36826	12.7	4	16.9	3	Summer	49.6	-62.4	324.4	5.10	13.43	3.81	-0.08	1.75	3.21	e2.5	2.5	16	6	785.978	671	<7.5
Iceland_NE-Au-200	"Iceland NE 200-1160m"	679.75	106038	40	5.5	17	3.8	Autumn	65.8	-16.6	187.6	3.90	4.18	0.53	0.13	3.15	2.08	e2.5	2.5	118	4	42.791	1248	<7.5
Iceland_NE-Au-60	"Iceland NE 60-200m"	129.75	40140	40	4.5	17	3.8	Autumn	65.5	-17.3	187.6	5.20	4.65	3.94	1.59	4.67	3.01	e2.5	2.5	45	1	8.515	470	<7.5
Iceland_SW-Au-201	"Iceland SW 200-1313m"	756.25	50278	40	5.5	17	3.8	Autumn	65.1	-25.8	262.1	7.70	3.62	5.86	0.28	7.20	1.96	e2.5	2.5	87	3	5.070	916	<7.6
Iceland_SW-Au-42	"Iceland SW 42-200m"	120.75	39766	40	4.5	17	3.8	Autumn	65.0	-20.5	262.1	7.70	4.45	7.01	1.45	7.35	2.89	e2.5	2.5	44	2	0.066	467	<7.7
Mauritania-All-5	"Mauritania 5-50m"	27.5	14127	40	4	17	3.5	All	18.5	-16.9	1885.6	20.80	6.89	17.60	4.12	19.34	5.79	e2.5	2.5	89	4	4.115	1621	14-20.5
Mauritania-All-50	"Mauretania 50-200m"	125	10646	40	4	17	3.5	All	18.5	-16.9	1885.6	21.50	7.54	14.17	1.47	18.37	4.64	e2.5	2.5	71	4	776.220	1285	14-20.5
Morocco-All-200	"Morocco 200-400m"	300	4876	40	2.1	21.4	3	All	32.3	-8.6	380.3	19.10	3.83	12.23	-0.25	17.27	0.83	e2.5	2.5	7	3	4828.346	178	14-20.5
Morocco-All-22	"Morocco 22-200m"	111	28889	40	2.1	21.4	3	All	32.3	-8.6	380.3	19.20	3.97	15.23	-0.37	17.55	1.11	e2.5	2.5	20	3	2160.267	548	14-20.5
Morocco-All-400	"Morocco 400-890m"	645	10690	40	2.1	21.4	3	All	32.3	-8.6	380.3	19.20	4.04	10.48	-0.14	17.27	0.95	e2.5	2.5	13	2	5304.558	227	14-20.5
North_Sea-Su-11	"North Sea Aug 11-269m"	140	493244	20	5	21	4	Summer	56.4	2.4	387.3	10.10	8.14	8.36	3.49	9.16	5.66	e2.5	2.5	289	11	567.878	3736	7.5-14
North_Sea-Wi-10	"North Sea Feb 10-270m"	140	499507	20	5	21	4	Winter	56.2	2.3	387.3	10.10	8.16	8.37	3.53	9.17	5.70	e2.5	2.5	765	12	136.329	9152	7.5-14
Northern_Spain-Au-35.5	"Northern Spain 35.5-493m"	264	20279	20	2	18.9	3	Autumn	43.0	-5.7	379.1	15.50	5.72	11.74	0.31	13.88	2.15	e2.5	2.5	137	9	15103.025	2610	7.5-14
Norwegian_coast-Au-140	"Norwegian coast 140-803m"	471.5	118922	16	7	25	3.4	Autumn	72.4	22.2	172.6	6.10	3.70	3.52	-0.30	5.49	1.73	e2.5	2.5	67	4	5.837	530	<7.5
Porcupine_Bank-Au-189	"Porcupine Bank 189-763m"	476	53139	20	3.5	20	3.5	Autumn	52.5	-13.1	235.2	12.40	4.54	10.13	-0.05	11.40	2.01	e2.5	2.5	42	3	12864.323	651	7.5-14
Portugal_N-Au-14	"Portugal North 14-678m"	346	12482	20	4.6	15	3.5	Autumn	40.6	-9.3	497.6	16.30	4.66	13.22	-0.27	14.87	1.43	e2.5	2.5	48	7	87.071	678	14-20.5
Portugal_S-Au-16	"Portugal South 19-690m"	354.5	2801	20	4.6	15	3.5	Autumn	36.9	-8.2	497.6	18.10	4.49	14.34	-0.35	16.56	1.34	e2.5	2.5	30	7	188.073	411	14-20.5
Portugal_SW-Au-30	"Portugal Southwest 30-460m"	245	8248	20	4.6	15	3.5	Autumn	38.3	-9.5	497.6	17.00	4.00	13.36	-0.38	15.58	1.15	e2.5	2.5	39	8	692.439	567	14-20.5
S_Barents_Sea-Au-36	"Southern Barents Sea 36-830m"	433	820387	16	7	25	3.4	Autumn	73.2	38.7	128.0	2.30	4.67	0.72	-0.02	1.47	1.93	e2.5	2.5	296	6	17.501	2144	<7.5
S_Tyrrhenian_Sea-Su-19	"South Tyrrhenian Sea 19-200m"	109.5	941	20	1.9	18.4	3	Summer	38.3	14.3	170.0	19.50	11.21	13.72	-0.01	15.80	2.96	e2.5	2.5	6	10	213.179	122	14-20.5
S_Tyrrhenian_Sea-Su-200	"South Tyrrhenian Sea 200-693m"	446.5	1821	20	1.9	18.4	3	Summer	38.3	14.3	170.0	19.50	11.21	13.72	-0.01	15.80	2.96	e2.5	2.5	13	6	745.669	127	14-20.5
Scotian_shelf-Su-17	"Scotian shelf 12-200m"	106	190955	19	4.6	12.5	3.5	Summer	44.2	-62.4	306.2	8.00	13.35	5.38	0.94	5.43	4.94	e2.5	2.5	167	6	14.617	4097	7.5-14
Tramontana-Su-200	"Tramontana 200-767m"	483.5	5318	20	3	20.3	3	Summer	41.0	2.2	241.6	18.11	10.61	13.36	0.44	13.19	4.43	e2.5	2.5	12	8	3529.721	106	14-20.5
Tramontana-Su-30	"Tramontana 30-200m"	115	10149	20	3	16.3	3	Summer	41.0	2.2	241.6	17.70	10.19	13.11	0.06	14.67	3.55	e2.5	2.5	32	10	2024.131	347	14-20.5
W_Greenland_GDR-Au-200	"W Greenland 200-400m"	300	13077	30	4	22	4.5	Autumn	62.9	-50.3	124.5	1.60	3.86	3.75	0.10	1.95	1.79	e2.5	2.5	68	6	65.317	740	<7.5
W_Greenland_GDR-Au-50	"W Greenland 50-200m"	124.5	47617	30	4	22	4.5	Autumn	62.9	-50.3	124.5	1.60	3.43	2.87	0.43	1.90	1.73	e2.5	2.5	122	6	24.710	1331	<7.5
West_of_Scotland-Au-30	"West of Scotland Nov 30-500m"	265	114470	20	4.6	20	4	Autumn	57.3	-7.7	324.4	10.80	4.58	9.65	1.37	10.28	3.02	e2.5	2.5	49	10	952.408	527	7.5-14
West_of_Scotland-Wi-10	"West of Scotland Mar 10-405m"	207.5	114003	20	4.6	20	4	Winter	57.3	-7.7	324.4	10.80	4.59	9.68	1.38	10.28	3.03	e2.5	2.5	99	10	87.517	991	7.5-14
Adriatic-Su-16	"Adriatic 16-449m"	232.5	54363	20	2.3	16.5	3	Summer	43.9	15.7	223.5	17.90	10.81	13.46	0.73	15.05	4.14	e3	3	31	20	5270.951	657	14-20.5
Alboran_Sea-Su-200	"Alboran Sea 200-810m"	505	8812	20	3	19.4	3	Summer	36.8	-3.0	402.0	18.30	7.17	13.10	-0.04	15.20	1.61	e3	3	27	12	101.040	251	14-20.5
Alboran_Sea-Su-30	"Alboran Sea 30-200m"	115	2247	20	3	16.4	3	Summer	36.8	-3.0	402.0	18.40	7.57	13.20	-0.04	15.22	1.76	e3	3	8	24	8486.768	169	14-20.5
Alicante_and_Eivissa-Su-200	"Alicante & Eivissa 200-788m"	494	5065	20	3	19.5	3	Summer	38.6	0.0	208.6	19.10	10.87	13.22	-0.03	15.32	2.99	e3	3	16	10	63.272	150	14-20.5
Alicante_and_Eivissa-Su-30	"Alicante & Eivissa 30-200m"	115	5620	20	3	16.4	3	Summer	38.6	0.0	208.6	19.10	11.27	13.67	0.20	15.88	4.09	e3	3	10	23	4440.378	215	14-20.5
Bay_of_Biscay-Au-28	"Bay of Biscay 28-100m"	64	26316	20	4	20.5	4	Autumn	45.8	-4.6	520.3	14.70	8.18	11.97	0.79	13.18	3.96	e3	3	37	13	13817.416	486	7.5-14
Bear_Island-Au-36	"Bear Island 36-830m"	433	258318	16	7	25	3.4	Autumn	77.0	18.7	117.1	1.50	3.14	1.27	0.38	1.35	1.81	e3	3	214	12	545.716	1576	<7.5
Celtic_Sea-Au-65	"Celtic Sea 65-524m"	294.5	141601	20	4.1	18.7	4	Autumn	49.9	-8.2	317.1	12.90	6.00	10.57	0.34	11.50	2.52	e3	3	38	12	934.999	545	7.5-14
Davis_Strait-Au-400	"Davis Strait 400-1500m"	950	52602	30	5	28	3	Autumn	64.2	-54.7	114.1	1.60	4.96	3.84	-0.29	1.88	1.65	e3	3	42	7	1.613	591	<7.5
E_Greenl_GDR-Au-200	"E Greenland 200-400m"	300	56488	30	4	22	4.5	Autumn	62.8	-36.8	112.4	4.20	1.47	4.68	0.08	4.61	0.72	e3	3	98	5	49.617	1069	<7.5
E_Greenl_GDR-Au-50	"E Greenland 50-200m"	125	17576	30	4	22	4.5	Autumn	62.8	-36.8	112.4	3.30	1.08	4.28	0.20	3.77	0.51	e3	3	33	6	1912.951	366	<7.5
E_Greenland-Su-400	"E Greenland 400-1500m"	950	43458	30	5	28	3	Summer	64.2	-35.8	112.4	4.50	2.01	3.95	-0.07	4.86	1.06	e3	3	34	7	27.108	476	<7.5
Far_NE-Sp-200	"Faroe Islands NE Feb 200-500m"	350	16393	40	4	17.5	3	Spring	61.7	-5.5	215.3	8.70	3.53	5.52	0.44	8.14	2.25	e3	3	27	0	0.000	283	7.5-14
Far_NE-Su-200	"Faroe Islands NE Aug 200-500m"	350	16393	40	4	17.5	3	Summer	61.7	-5.5	215.3	8.70	3.53	5.52	0.44	8.14	2.25	e3	3	57	5	1.777	585	7.5-14
Far_Pla-Sp-65	"Faroe Plateau Feb 65-200m"	132.5	18178	40	4	16	3	Spring	61.7	-6.7	196.8	8.70	3.17	7.63	1.29	8.33	2.35	e3	3	93	1	3.386	1033	7.5-14
Far_Pla-Su-65	"Faroe Plateau Feb 65-200m"	132.5	18178	40	4	16	3	Summer	61.7	-6.7	196.8	8.70	3.17	7.63	1.29	8.33	2.35	e3	3	146	2	2.441	1643	7.5-14
Far_SW-Su-200	"Faroe SW 200-500m"	350	8576	40	4	17.5	3	Summer	61.7	-7.9	199.7	9.00	2.99	5.52	0.42	8.59	2.03	e3	3	35	0	0.000	361	7.5-14
Guinea-All-5	"Guinea 5-50m"	27.5	32558	25	3	13	3	All	9.8	-14.8	693.7	27.30	1.38	22.64	3.41	25.29	2.85	e3	3	82	18	130.805	2280	>20.5
Guinea-All-50	"Guinea 50-200m"	125	4783	25	3	13	3	All	9.8	-14.8	693.7	27.30	1.43	16.99	1.38	22.40	2.54	e3	3	4	11	2447.219	103	>20.5
GuLw1_N-Su-200	"Gulf St. Lawrence I 200-520m"	360	59533	19	5.5	13.4	3	Summer	49.6	-62.4	324.4	5.10	13.43	3.81	-0.08	1.75	3.21	e3	3	62	7	1893.030	2100	<7.5
GuLw1_N-Su-40	"Gulf St. Lawrence I 40-200m"	120	36826	19	5.5	13.4	3	Summer	49.6	-62.4	324.4	5.10	13.43	3.81	-0.08	1.75	3.21	e3	3	27	10	26564.657	911	<7.5
GuLw2_N-Su-200	"Gulf St. Lawrence II 200-671m"	360	59533	12.7	4	16.9	3	Summer	49.6	-62.4	324.4	5.10	13.43	3.81	-0.08	1.75	3.21	e3	3	24	10	7182.904	1034	<7.5
GuLw2_N-Su-40	"Gulf St. Lawrence II 40-200m"	120	36826	12.7	4	16.9	3	Summer	49.6	-62.4	324.4	5.10	13.43	3.81	-0.08	1.75	3.21	e3	3	16	15	107176.042	671	<7.5
Iceland_NE-Au-200	"Iceland NE 200-1160m"	679.75	106038	40	5.5	17	3.8	Autumn	65.8	-16.6	187.6	3.90	4.18	0.53	0.13	3.15	2.08	e3	3	118	6	12.714	1248	<7.5
Iceland_NE-Au-60	"Iceland NE 60-200m"	129.75	40140	40	4.5	17	3.8	Autumn	65.5	-17.3	187.6	5.20	4.65	3.94	1.59	4.67	3.01	e3	3	45	5	9.196	470	<7.5
Iceland_SW-Au-201	"Iceland SW 200-1313m"	756.25	50278	40	5.5	17	3.8	Autumn	65.1	-25.8	262.1	7.70	3.62	5.86	0.28	7.20	1.96	e3	3	87	5	6.573	916	<7.6
Iceland_SW-Au-42	"Iceland SW 42-200m"	120.75	39766	40	4.5	17	3.8	Autumn	65.0	-20.5	262.1	7.70	4.45	7.01	1.45	7.35	2.89	e3	3	44	5	24.023	467	<7.7
Mauritania-All-5	"Mauritania 5-50m"	27.5	14127	40	4	17	3.5	All	18.5	-16.9	1885.6	20.80	6.89	17.60	4.12	19.34	5.79	e3	3	89	21	431.612	1621	14-20.5
Mauritania-All-50	"Mauretania 50-200m"	125	10646	40	4	17	3.5	All	18.5	-16.9	1885.6	21.50	7.54	14.17	1.47	18.37	4.64	e3	3	71	22	3082.906	1285	14-20.5
Morocco-All-200	"Morocco 200-400m"	300	4876	40	2.1	21.4	3	All	32.3	-8.6	380.3	19.10	3.83	12.23	-0.25	17.27	0.83	e3	3	7	8	26540.187	178	14-20.5
Morocco-All-22	"Morocco 22-200m"	111	28889	40	2.1	21.4	3	All	32.3	-8.6	380.3	19.20	3.97	15.23	-0.37	17.55	1.11	e3	3	20	12	74555.134	548	14-20.5
Morocco-All-400	"Morocco 400-890m"	645	10690	40	2.1	21.4	3	All	32.3	-8.6	380.3	19.20	4.04	10.48	-0.14	17.27	0.95	e3	3	13	8	2962.487	227	14-20.5
North_Sea-Su-11	"North Sea Aug 11-269m"	140	493244	20	5	21	4	Summer	56.4	2.4	387.3	10.10	8.14	8.36	3.49	9.16	5.66	e3	3	289	17	37794.662	3736	7.5-14
North_Sea-Wi-10	"North Sea Feb 10-270m"	140	499507	20	5	21	4	Winter	56.2	2.3	387.3	10.10	8.16	8.37	3.53	9.17	5.70	e3	3	765	18	14856.525	9152	7.5-14
Northern_Spain-Au-35.5	"Northern Spain 35.5-493m"	264	20279	20	2	18.9	3	Autumn	43.0	-5.7	379.1	15.50	5.72	11.74	0.31	13.88	2.15	e3	3	137	18	15705.506	2610	7.5-14
Norwegian_coast-Au-140	"Norwegian coast 140-803m"	471.5	118922	16	7	25	3.4	Autumn	72.4	22.2	172.6	6.10	3.70	3.52	-0.30	5.49	1.73	e3	3	67	5	2.597	530	<7.5
Porcupine_Bank-Au-189	"Porcupine Bank 189-763m"	476	53139	20	3.5	20	3.5	Autumn	52.5	-13.1	235.2	12.40	4.54	10.13	-0.05	11.40	2.01	e3	3	42	6	144.234	651	7.5-14
Portugal_N-Au-14	"Portugal North 14-678m"	346	12482	20	4.6	15	3.5	Autumn	40.6	-9.3	497.6	16.30	4.66	13.22	-0.27	14.87	1.43	e3	3	48	13	90813.963	678	14-20.5
Portugal_S-Au-16	"Portugal South 19-690m"	354.5	2801	20	4.6	15	3.5	Autumn	36.9	-8.2	497.6	18.10	4.49	14.34	-0.35	16.56	1.34	e3	3	30	14	192485.976	411	14-20.5
Portugal_SW-Au-30	"Portugal Southwest 30-460m"	245	8248	20	4.6	15	3.5	Autumn	38.3	-9.5	497.6	17.00	4.00	13.36	-0.38	15.58	1.15	e3	3	39	13	226184.204	567	14-20.5
S_Barents_Sea-Au-36	"Southern Barents Sea 36-830m"	433	820387	16	7	25	3.4	Autumn	73.2	38.7	128.0	2.30	4.67	0.72	-0.02	1.47	1.93	e3	3	296	12	519.886	2144	<7.5
S_Tyrrhenian_Sea-Su-19	"South Tyrrhenian Sea 19-200m"	109.5	941	20	1.9	18.4	3	Summer	38.3	14.3	170.0	19.50	11.21	13.72	-0.01	15.80	2.96	e3	3	6	17	5037.823	122	14-20.5
S_Tyrrhenian_Sea-Su-200	"South Tyrrhenian Sea 200-693m"	446.5	1821	20	1.9	18.4	3	Summer	38.3	14.3	170.0	19.50	11.21	13.72	-0.01	15.80	2.96	e3	3	13	10	68.417	127	14-20.5
Scotian_shelf-Su-17	"Scotian shelf 12-200m"	106	190955	19	4.6	12.5	3.5	Summer	44.2	-62.4	306.2	8.00	13.35	5.38	0.94	5.43	4.94	e3	3	167	15	3242.188	4097	7.5-14
Tramontana-Su-200	"Tramontana 200-767m"	483.5	5318	20	3	20.3	3	Summer	41.0	2.2	241.6	18.11	10.61	13.36	0.44	13.19	4.43	e3	3	12	8	14.861	106	14-20.5
Tramontana-Su-30	"Tramontana 30-200m"	115	10149	20	3	16.3	3	Summer	41.0	2.2	241.6	17.70	10.19	13.11	0.06	14.67	3.55	e3	3	32	24	6256.833	347	14-20.5
W_Greenland_GDR-Au-200	"W Greenland 200-400m"	300	13077	30	4	22	4.5	Autumn	62.9	-50.3	124.5	1.60	3.86	3.75	0.10	1.95	1.79	e3	3	68	13	57.716	740	<7.5
W_Greenland_GDR-Au-50	"W Greenland 50-200m"	124.5	47617	30	4	22	4.5	Autumn	62.9	-50.3	124.5	1.60	3.43	2.87	0.43	1.90	1.73	e3	3	122	15	648.907	1331	<7.5
West_of_Scotland-Au-30	"West of Scotland Nov 30-500m"	265	114470	20	4.6	20	4	Autumn	57.3	-7.7	324.4	10.80	4.58	9.65	1.37	10.28	3.02	e3	3	49	11	4731.973	527	7.5-14
West_of_Scotland-Wi-10	"West of Scotland Mar 10-405m"	207.5	114003	20	4.6	20	4	Winter	57.3	-7.7	324.4	10.80	4.59	9.68	1.38	10.28	3.03	e3	3	99	14	6523.257	991	7.5-14
Adriatic-Su-16	"Adriatic 16-449m"	232.5	54363	20	2.3	16.5	3	Summer	43.9	15.7	223.5	17.90	10.81	13.46	0.73	15.05	4.14	e3.5	3.5	31	19	2634.545	657	14-20.5
Alboran_Sea-Su-200	"Alboran Sea 200-810m"	505	8812	20	3	19.4	3	Summer	36.8	-3.0	402.0	18.30	7.17	13.10	-0.04	15.20	1.61	e3.5	3.5	27	16	1017.190	251	14-20.5
Alboran_Sea-Su-30	"Alboran Sea 30-200m"	115	2247	20	3	16.4	3	Summer	36.8	-3.0	402.0	18.40	7.57	13.20	-0.04	15.22	1.76	e3.5	3.5	8	24	34775.863	169	14-20.5
Alicante_and_Eivissa-Su-200	"Alicante & Eivissa 200-788m"	494	5065	20	3	19.5	3	Summer	38.6	0.0	208.6	19.10	10.87	13.22	-0.03	15.32	2.99	e3.5	3.5	16	16	619.938	150	14-20.5
Alicante_and_Eivissa-Su-30	"Alicante & Eivissa 30-200m"	115	5620	20	3	16.4	3	Summer	38.6	0.0	208.6	19.10	11.27	13.67	0.20	15.88	4.09	e3.5	3.5	10	24	10915.615	215	14-20.5
Bay_of_Biscay-Au-28	"Bay of Biscay 28-100m"	64	26316	20	4	20.5	4	Autumn	45.8	-4.6	520.3	14.70	8.18	11.97	0.79	13.18	3.96	e3.5	3.5	37	20	24045.617	486	7.5-14
Bear_Island-Au-36	"Bear Island 36-830m"	433	258318	16	7	25	3.4	Autumn	77.0	18.7	117.1	1.50	3.14	1.27	0.38	1.35	1.81	e3.5	3.5	214	10	458.517	1576	<7.5
Celtic_Sea-Au-65	"Celtic Sea 65-524m"	294.5	141601	20	4.1	18.7	4	Autumn	49.9	-8.2	317.1	12.90	6.00	10.57	0.34	11.50	2.52	e3.5	3.5	38	14	19191.072	545	7.5-14
Davis_Strait-Au-400	"Davis Strait 400-1500m"	950	52602	30	5	28	3	Autumn	64.2	-54.7	114.1	1.60	4.96	3.84	-0.29	1.88	1.65	e3.5	3.5	42	3	24.719	591	<7.5
E_Greenl_GDR-Au-200	"E Greenland 200-400m"	300	56488	30	4	22	4.5	Autumn	62.8	-36.8	112.4	4.20	1.47	4.68	0.08	4.61	0.72	e3.5	3.5	98	5	5.137	1069	<7.5
E_Greenl_GDR-Au-50	"E Greenland 50-200m"	125	17576	30	4	22	4.5	Autumn	62.8	-36.8	112.4	3.30	1.08	4.28	0.20	3.77	0.51	e3.5	3.5	33	3	10.710	366	<7.5
E_Greenland-Su-400	"E Greenland 400-1500m"	950	43458	30	5	28	3	Summer	64.2	-35.8	112.4	4.50	2.01	3.95	-0.07	4.86	1.06	e3.5	3.5	34	6	25.752	476	<7.5
Far_NE-Sp-200	"Faroe Islands NE Feb 200-500m"	350	16393	40	4	17.5	3	Spring	61.7	-5.5	215.3	8.70	3.53	5.52	0.44	8.14	2.25	e3.5	3.5	27	4	16729.982	283	7.5-14
Far_NE-Su-200	"Faroe Islands NE Aug 200-500m"	350	16393	40	4	17.5	3	Summer	61.7	-5.5	215.3	8.70	3.53	5.52	0.44	8.14	2.25	e3.5	3.5	57	7	19515.056	585	7.5-14
Far_Pla-Sp-65	"Faroe Plateau Feb 65-200m"	132.5	18178	40	4	16	3	Spring	61.7	-6.7	196.8	8.70	3.17	7.63	1.29	8.33	2.35	e3.5	3.5	93	4	5336.277	1033	7.5-14
Far_Pla-Su-65	"Faroe Plateau Feb 65-200m"	132.5	18178	40	4	16	3	Summer	61.7	-6.7	196.8	8.70	3.17	7.63	1.29	8.33	2.35	e3.5	3.5	146	4	6618.395	1643	7.5-14
Far_SW-Su-200	"Faroe SW 200-500m"	350	8576	40	4	17.5	3	Summer	61.7	-7.9	199.7	9.00	2.99	5.52	0.42	8.59	2.03	e3.5	3.5	35	2	1.656	361	7.5-14
Guinea-All-5	"Guinea 5-50m"	27.5	32558	25	3	13	3	All	9.8	-14.8	693.7	27.30	1.38	22.64	3.41	25.29	2.85	e3.5	3.5	82	48	38860.258	2280	>20.5
Guinea-All-50	"Guinea 50-200m"	125	4783	25	3	13	3	All	9.8	-14.8	693.7	27.30	1.43	16.99	1.38	22.40	2.54	e3.5	3.5	4	31	69141.488	103	>20.5
GuLw1_N-Su-200	"Gulf St. Lawrence I 200-520m"	360	59533	19	5.5	13.4	3	Summer	49.6	-62.4	324.4	5.10	13.43	3.81	-0.08	1.75	3.21	e3.5	3.5	62	6	3195.812	2100	<7.5
GuLw1_N-Su-40	"Gulf St. Lawrence I 40-200m"	120	36826	19	5.5	13.4	3	Summer	49.6	-62.4	324.4	5.10	13.43	3.81	-0.08	1.75	3.21	e3.5	3.5	27	5	2458.945	911	<7.5
GuLw2_N-Su-200	"Gulf St. Lawrence II 200-671m"	360	59533	12.7	4	16.9	3	Summer	49.6	-62.4	324.4	5.10	13.43	3.81	-0.08	1.75	3.21	e3.5	3.5	24	7	13671.094	1034	<7.5
GuLw2_N-Su-40	"Gulf St. Lawrence II 40-200m"	120	36826	12.7	4	16.9	3	Summer	49.6	-62.4	324.4	5.10	13.43	3.81	-0.08	1.75	3.21	e3.5	3.5	16	8	4083.673	671	<7.5
Iceland_NE-Au-200	"Iceland NE 200-1160m"	679.75	106038	40	5.5	17	3.8	Autumn	65.8	-16.6	187.6	3.90	4.18	0.53	0.13	3.15	2.08	e3.5	3.5	118	6	95.430	1248	<7.5
Iceland_NE-Au-60	"Iceland NE 60-200m"	129.75	40140	40	4.5	17	3.8	Autumn	65.5	-17.3	187.6	5.20	4.65	3.94	1.59	4.67	3.01	e3.5	3.5	45	7	438.366	470	<7.5
Iceland_SW-Au-201	"Iceland SW 200-1313m"	756.25	50278	40	5.5	17	3.8	Autumn	65.1	-25.8	262.1	7.70	3.62	5.86	0.28	7.20	1.96	e3.5	3.5	87	6	2852.354	916	<7.6
Iceland_SW-Au-42	"Iceland SW 42-200m"	120.75	39766	40	4.5	17	3.8	Autumn	65.0	-20.5	262.1	7.70	4.45	7.01	1.45	7.35	2.89	e3.5	3.5	44	7	5889.370	467	<7.7
Mauritania-All-5	"Mauritania 5-50m"	27.5	14127	40	4	17	3.5	All	18.5	-16.9	1885.6	20.80	6.89	17.60	4.12	19.34	5.79	e3.5	3.5	89	48	21021.392	1621	14-20.5
Mauritania-All-50	"Mauretania 50-200m"	125	10646	40	4	17	3.5	All	18.5	-16.9	1885.6	21.50	7.54	14.17	1.47	18.37	4.64	e3.5	3.5	71	49	20711.436	1285	14-20.5
Morocco-All-200	"Morocco 200-400m"	300	4876	40	2.1	21.4	3	All	32.3	-8.6	380.3	19.10	3.83	12.23	-0.25	17.27	0.83	e3.5	3.5	7	16	7863.493	178	14-20.5
Morocco-All-22	"Morocco 22-200m"	111	28889	40	2.1	21.4	3	All	32.3	-8.6	380.3	19.20	3.97	15.23	-0.37	17.55	1.11	e3.5	3.5	20	21	11952.402	548	14-20.5
Morocco-All-400	"Morocco 400-890m"	645	10690	40	2.1	21.4	3	All	32.3	-8.6	380.3	19.20	4.04	10.48	-0.14	17.27	0.95	e3.5	3.5	13	14	3696.623	227	14-20.5
North_Sea-Su-11	"North Sea Aug 11-269m"	140	493244	20	5	21	4	Summer	56.4	2.4	387.3	10.10	8.14	8.36	3.49	9.16	5.66	e3.5	3.5	289	14	29817.750	3736	7.5-14
North_Sea-Wi-10	"North Sea Feb 10-270m"	140	499507	20	5	21	4	Winter	56.2	2.3	387.3	10.10	8.16	8.37	3.53	9.17	5.70	e3.5	3.5	765	15	16446.162	9152	7.5-14
Northern_Spain-Au-35.5	"Northern Spain 35.5-493m"	264	20279	20	2	18.9	3	Autumn	43.0	-5.7	379.1	15.50	5.72	11.74	0.31	13.88	2.15	e3.5	3.5	137	23	3956.358	2610	7.5-14
Norwegian_coast-Au-140	"Norwegian coast 140-803m"	471.5	118922	16	7	25	3.4	Autumn	72.4	22.2	172.6	6.10	3.70	3.52	-0.30	5.49	1.73	e3.5	3.5	67	7	512.368	530	<7.5
Porcupine_Bank-Au-189	"Porcupine Bank 189-763m"	476	53139	20	3.5	20	3.5	Autumn	52.5	-13.1	235.2	12.40	4.54	10.13	-0.05	11.40	2.01	e3.5	3.5	42	13	2667.096	651	7.5-14
Portugal_N-Au-14	"Portugal North 14-678m"	346	12482	20	4.6	15	3.5	Autumn	40.6	-9.3	497.6	16.30	4.66	13.22	-0.27	14.87	1.43	e3.5	3.5	48	23	5686.592	678	14-20.5
Portugal_S-Au-16	"Portugal South 19-690m"	354.5	2801	20	4.6	15	3.5	Autumn	36.9	-8.2	497.6	18.10	4.49	14.34	-0.35	16.56	1.34	e3.5	3.5	30	24	26418.401	411	14-20.5
Portugal_SW-Au-30	"Portugal Southwest 30-460m"	245	8248	20	4.6	15	3.5	Autumn	38.3	-9.5	497.6	17.00	4.00	13.36	-0.38	15.58	1.15	e3.5	3.5	39	25	52197.308	567	14-20.5
S_Barents_Sea-Au-36	"Southern Barents Sea 36-830m"	433	820387	16	7	25	3.4	Autumn	73.2	38.7	128.0	2.30	4.67	0.72	-0.02	1.47	1.93	e3.5	3.5	296	14	749.281	2144	<7.5
S_Tyrrhenian_Sea-Su-19	"South Tyrrhenian Sea 19-200m"	109.5	941	20	1.9	18.4	3	Summer	38.3	14.3	170.0	19.50	11.21	13.72	-0.01	15.80	2.96	e3.5	3.5	6	19	3240.968	122	14-20.5
S_Tyrrhenian_Sea-Su-200	"South Tyrrhenian Sea 200-693m"	446.5	1821	20	1.9	18.4	3	Summer	38.3	14.3	170.0	19.50	11.21	13.72	-0.01	15.80	2.96	e3.5	3.5	13	12	242.300	127	14-20.5
Scotian_shelf-Su-17	"Scotian shelf 12-200m"	106	190955	19	4.6	12.5	3.5	Summer	44.2	-62.4	306.2	8.00	13.35	5.38	0.94	5.43	4.94	e3.5	3.5	167	14	155.802	4097	7.5-14
Tramontana-Su-200	"Tramontana 200-767m"	483.5	5318	20	3	20.3	3	Summer	41.0	2.2	241.6	18.11	10.61	13.36	0.44	13.19	4.43	e3.5	3.5	12	15	260.394	106	14-20.5
Tramontana-Su-30	"Tramontana 30-200m"	115	10149	20	3	16.3	3	Summer	41.0	2.2	241.6	17.70	10.19	13.11	0.06	14.67	3.55	e3.5	3.5	32	21	16787.409	347	14-20.5
W_Greenland_GDR-Au-200	"W Greenland 200-400m"	300	13077	30	4	22	4.5	Autumn	62.9	-50.3	124.5	1.60	3.86	3.75	0.10	1.95	1.79	e3.5	3.5	68	2	2.481	740	<7.5
W_Greenland_GDR-Au-50	"W Greenland 50-200m"	124.5	47617	30	4	22	4.5	Autumn	62.9	-50.3	124.5	1.60	3.43	2.87	0.43	1.90	1.73	e3.5	3.5	122	2	2.760	1331	<7.5
West_of_Scotland-Au-30	"West of Scotland Nov 30-500m"	265	114470	20	4.6	20	4	Autumn	57.3	-7.7	324.4	10.80	4.58	9.65	1.37	10.28	3.02	e3.5	3.5	49	16	27283.258	527	7.5-14
West_of_Scotland-Wi-10	"West of Scotland Mar 10-405m"	207.5	114003	20	4.6	20	4	Winter	57.3	-7.7	324.4	10.80	4.59	9.68	1.38	10.28	3.03	e3.5	3.5	99	15	17326.574	991	7.5-14
Adriatic-Su-16	"Adriatic 16-449m"	232.5	54363	20	2.3	16.5	3	Summer	43.9	15.7	223.5	17.90	10.81	13.46	0.73	15.05	4.14	e4	4	31	33	2234.323	657	14-20.5
Alboran_Sea-Su-200	"Alboran Sea 200-810m"	505	8812	20	3	19.4	3	Summer	36.8	-3.0	402.0	18.30	7.17	13.10	-0.04	15.20	1.61	e4	4	27	14	1428.029	251	14-20.5
Alboran_Sea-Su-30	"Alboran Sea 30-200m"	115	2247	20	3	16.4	3	Summer	36.8	-3.0	402.0	18.40	7.57	13.20	-0.04	15.22	1.76	e4	4	8	32	9387.346	169	14-20.5
Alicante_and_Eivissa-Su-200	"Alicante & Eivissa 200-788m"	494	5065	20	3	19.5	3	Summer	38.6	0.0	208.6	19.10	10.87	13.22	-0.03	15.32	2.99	e4	4	16	16	3676.111	150	14-20.5
Alicante_and_Eivissa-Su-30	"Alicante & Eivissa 30-200m"	115	5620	20	3	16.4	3	Summer	38.6	0.0	208.6	19.10	11.27	13.67	0.20	15.88	4.09	e4	4	10	34	15662.050	215	14-20.5
Bay_of_Biscay-Au-28	"Bay of Biscay 28-100m"	64	26316	20	4	20.5	4	Autumn	45.8	-4.6	520.3	14.70	8.18	11.97	0.79	13.18	3.96	e4	4	37	26	165729.494	486	7.5-14
Bear_Island-Au-36	"Bear Island 36-830m"	433	258318	16	7	25	3.4	Autumn	77.0	18.7	117.1	1.50	3.14	1.27	0.38	1.35	1.81	e4	4	214	9	1141.771	1576	<7.5
Celtic_Sea-Au-65	"Celtic Sea 65-524m"	294.5	141601	20	4.1	18.7	4	Autumn	49.9	-8.2	317.1	12.90	6.00	10.57	0.34	11.50	2.52	e4	4	38	15	45764.065	545	7.5-14
Davis_Strait-Au-400	"Davis Strait 400-1500m"	950	52602	30	5	28	3	Autumn	64.2	-54.7	114.1	1.60	4.96	3.84	-0.29	1.88	1.65	e4	4	42	7	7.367	591	<7.5
E_Greenl_GDR-Au-200	"E Greenland 200-400m"	300	56488	30	4	22	4.5	Autumn	62.8	-36.8	112.4	4.20	1.47	4.68	0.08	4.61	0.72	e4	4	98	5	59.836	1069	<7.5
E_Greenl_GDR-Au-50	"E Greenland 50-200m"	125	17576	30	4	22	4.5	Autumn	62.8	-36.8	112.4	3.30	1.08	4.28	0.20	3.77	0.51	e4	4	33	6	1.366	366	<7.5
E_Greenland-Su-400	"E Greenland 400-1500m"	950	43458	30	5	28	3	Summer	64.2	-35.8	112.4	4.50	2.01	3.95	-0.07	4.86	1.06	e4	4	34	4	86.562	476	<7.5
Far_NE-Sp-200	"Faroe Islands NE Feb 200-500m"	350	16393	40	4	17.5	3	Spring	61.7	-5.5	215.3	8.70	3.53	5.52	0.44	8.14	2.25	e4	4	27	9	7833.673	283	7.5-14
Far_NE-Su-200	"Faroe Islands NE Aug 200-500m"	350	16393	40	4	17.5	3	Summer	61.7	-5.5	215.3	8.70	3.53	5.52	0.44	8.14	2.25	e4	4	57	13	12798.355	585	7.5-14
Far_Pla-Sp-65	"Faroe Plateau Feb 65-200m"	132.5	18178	40	4	16	3	Spring	61.7	-6.7	196.8	8.70	3.17	7.63	1.29	8.33	2.35	e4	4	93	10	458.101	1033	7.5-14
Far_Pla-Su-65	"Faroe Plateau Feb 65-200m"	132.5	18178	40	4	16	3	Summer	61.7	-6.7	196.8	8.70	3.17	7.63	1.29	8.33	2.35	e4	4	146	11	2611.098	1643	7.5-14
Far_SW-Su-200	"Faroe SW 200-500m"	350	8576	40	4	17.5	3	Summer	61.7	-7.9	199.7	9.00	2.99	5.52	0.42	8.59	2.03	e4	4	35	7	4708.713	361	7.5-14
Guinea-All-5	"Guinea 5-50m"	27.5	32558	25	3	13	3	All	9.8	-14.8	693.7	27.30	1.38	22.64	3.41	25.29	2.85	e4	4	82	52	28073.955	2280	>20.5
Guinea-All-50	"Guinea 50-200m"	125	4783	25	3	13	3	All	9.8	-14.8	693.7	27.30	1.43	16.99	1.38	22.40	2.54	e4	4	4	25	5232.790	103	>20.5
GuLw1_N-Su-200	"Gulf St. Lawrence I 200-520m"	360	59533	19	5.5	13.4	3	Summer	49.6	-62.4	324.4	5.10	13.43	3.81	-0.08	1.75	3.21	e4	4	62	13	278.659	2100	<7.5
GuLw1_N-Su-40	"Gulf St. Lawrence I 40-200m"	120	36826	19	5.5	13.4	3	Summer	49.6	-62.4	324.4	5.10	13.43	3.81	-0.08	1.75	3.21	e4	4	27	11	316.428	911	<7.5
GuLw2_N-Su-200	"Gulf St. Lawrence II 200-671m"	360	59533	12.7	4	16.9	3	Summer	49.6	-62.4	324.4	5.10	13.43	3.81	-0.08	1.75	3.21	e4	4	24	12	1766.302	1034	<7.5
GuLw2_N-Su-40	"Gulf St. Lawrence II 40-200m"	120	36826	12.7	4	16.9	3	Summer	49.6	-62.4	324.4	5.10	13.43	3.81	-0.08	1.75	3.21	e4	4	16	14	4582.764	671	<7.5
Iceland_NE-Au-200	"Iceland NE 200-1160m"	679.75	106038	40	5.5	17	3.8	Autumn	65.8	-16.6	187.6	3.90	4.18	0.53	0.13	3.15	2.08	e4	4	118	9	1178.813	1248	<7.5
Iceland_NE-Au-60	"Iceland NE 60-200m"	129.75	40140	40	4.5	17	3.8	Autumn	65.5	-17.3	187.6	5.20	4.65	3.94	1.59	4.67	3.01	e4	4	45	10	1620.063	470	<7.5
Iceland_SW-Au-201	"Iceland SW 200-1313m"	756.25	50278	40	5.5	17	3.8	Autumn	65.1	-25.8	262.1	7.70	3.62	5.86	0.28	7.20	1.96	e4	4	87	12	2776.160	916	<7.6
Iceland_SW-Au-42	"Iceland SW 42-200m"	120.75	39766	40	4.5	17	3.8	Autumn	65.0	-20.5	262.1	7.70	4.45	7.01	1.45	7.35	2.89	e4	4	44	11	2989.471	467	<7.7
Mauritania-All-5	"Mauritania 5-50m"	27.5	14127	40	4	17	3.5	All	18.5	-16.9	1885.6	20.80	6.89	17.60	4.12	19.34	5.79	e4	4	89	60	9382.608	1621	14-20.5
Mauritania-All-50	"Mauretania 50-200m"	125	10646	40	4	17	3.5	All	18.5	-16.9	1885.6	21.50	7.54	14.17	1.47	18.37	4.64	e4	4	71	52	6002.595	1285	14-20.5
Morocco-All-200	"Morocco 200-400m"	300	4876	40	2.1	21.4	3	All	32.3	-8.6	380.3	19.10	3.83	12.23	-0.25	17.27	0.83	e4	4	7	24	7597.008	178	14-20.5
Morocco-All-22	"Morocco 22-200m"	111	28889	40	2.1	21.4	3	All	32.3	-8.6	380.3	19.20	3.97	15.23	-0.37	17.55	1.11	e4	4	20	31	15901.386	548	14-20.5
Morocco-All-400	"Morocco 400-890m"	645	10690	40	2.1	21.4	3	All	32.3	-8.6	380.3	19.20	4.04	10.48	-0.14	17.27	0.95	e4	4	13	16	6545.460	227	14-20.5
North_Sea-Su-11	"North Sea Aug 11-269m"	140	493244	20	5	21	4	Summer	56.4	2.4	387.3	10.10	8.14	8.36	3.49	9.16	5.66	e4	4	289	25	50374.735	3736	7.5-14
North_Sea-Wi-10	"North Sea Feb 10-270m"	140	499507	20	5	21	4	Winter	56.2	2.3	387.3	10.10	8.16	8.37	3.53	9.17	5.70	e4	4	765	24	27145.979	9152	7.5-14
Northern_Spain-Au-35.5	"Northern Spain 35.5-493m"	264	20279	20	2	18.9	3	Autumn	43.0	-5.7	379.1	15.50	5.72	11.74	0.31	13.88	2.15	e4	4	137	34	44070.104	2610	7.5-14
Norwegian_coast-Au-140	"Norwegian coast 140-803m"	471.5	118922	16	7	25	3.4	Autumn	72.4	22.2	172.6	6.10	3.70	3.52	-0.30	5.49	1.73	e4	4	67	9	2223.030	530	<7.5
Porcupine_Bank-Au-189	"Porcupine Bank 189-763m"	476	53139	20	3.5	20	3.5	Autumn	52.5	-13.1	235.2	12.40	4.54	10.13	-0.05	11.40	2.01	e4	4	42	13	77898.696	651	7.5-14
Portugal_N-Au-14	"Portugal North 14-678m"	346	12482	20	4.6	15	3.5	Autumn	40.6	-9.3	497.6	16.30	4.66	13.22	-0.27	14.87	1.43	e4	4	48	28	49568.489	678	14-20.5
Portugal_S-Au-16	"Portugal South 19-690m"	354.5	2801	20	4.6	15	3.5	Autumn	36.9	-8.2	497.6	18.10	4.49	14.34	-0.35	16.56	1.34	e4	4	30	30	43322.975	411	14-20.5
Portugal_SW-Au-30	"Portugal Southwest 30-460m"	245	8248	20	4.6	15	3.5	Autumn	38.3	-9.5	497.6	17.00	4.00	13.36	-0.38	15.58	1.15	e4	4	39	29	39308.834	567	14-20.5
S_Barents_Sea-Au-36	"Southern Barents Sea 36-830m"	433	820387	16	7	25	3.4	Autumn	73.2	38.7	128.0	2.30	4.67	0.72	-0.02	1.47	1.93	e4	4	296	13	836.731	2144	<7.5
S_Tyrrhenian_Sea-Su-19	"South Tyrrhenian Sea 19-200m"	109.5	941	20	1.9	18.4	3	Summer	38.3	14.3	170.0	19.50	11.21	13.72	-0.01	15.80	2.96	e4	4	6	28	3949.714	122	14-20.5
S_Tyrrhenian_Sea-Su-200	"South Tyrrhenian Sea 200-693m"	446.5	1821	20	1.9	18.4	3	Summer	38.3	14.3	170.0	19.50	11.21	13.72	-0.01	15.80	2.96	e4	4	13	16	187.343	127	14-20.5
Scotian_shelf-Su-17	"Scotian shelf 12-200m"	106	190955	19	4.6	12.5	3.5	Summer	44.2	-62.4	306.2	8.00	13.35	5.38	0.94	5.43	4.94	e4	4	167	21	2546.433	4097	7.5-14
Tramontana-Su-200	"Tramontana 200-767m"	483.5	5318	20	3	20.3	3	Summer	41.0	2.2	241.6	18.11	10.61	13.36	0.44	13.19	4.43	e4	4	12	13	4371.598	106	14-20.5
Tramontana-Su-30	"Tramontana 30-200m"	115	10149	20	3	16.3	3	Summer	41.0	2.2	241.6	17.70	10.19	13.11	0.06	14.67	3.55	e4	4	32	40	36735.725	347	14-20.5
W_Greenland_GDR-Au-200	"W Greenland 200-400m"	300	13077	30	4	22	4.5	Autumn	62.9	-50.3	124.5	1.60	3.86	3.75	0.10	1.95	1.79	e4	4	68	7	15.995	740	<7.5
W_Greenland_GDR-Au-50	"W Greenland 50-200m"	124.5	47617	30	4	22	4.5	Autumn	62.9	-50.3	124.5	1.60	3.43	2.87	0.43	1.90	1.73	e4	4	122	8	16.421	1331	<7.5
West_of_Scotland-Au-30	"West of Scotland Nov 30-500m"	265	114470	20	4.6	20	4	Autumn	57.3	-7.7	324.4	10.80	4.58	9.65	1.37	10.28	3.02	e4	4	49	19	36550.695	527	7.5-14
West_of_Scotland-Wi-10	"West of Scotland Mar 10-405m"	207.5	114003	20	4.6	20	4	Winter	57.3	-7.7	324.4	10.80	4.59	9.68	1.38	10.28	3.03	e4	4	99	18	59728.284	991	7.5-14
Adriatic-Su-16	"Adriatic 16-449m"	232.5	54363	20	2.3	16.5	3	Summer	43.9	15.7	223.5	17.90	10.81	13.46	0.73	15.05	4.14	e4.5	4.5	31	15	779.563	657	14-20.5
Alboran_Sea-Su-200	"Alboran Sea 200-810m"	505	8812	20	3	19.4	3	Summer	36.8	-3.0	402.0	18.30	7.17	13.10	-0.04	15.20	1.61	e4.5	4.5	27	11	526.708	251	14-20.5
Alboran_Sea-Su-30	"Alboran Sea 30-200m"	115	2247	20	3	16.4	3	Summer	36.8	-3.0	402.0	18.40	7.57	13.20	-0.04	15.22	1.76	e4.5	4.5	8	18	798.491	169	14-20.5
Alicante_and_Eivissa-Su-200	"Alicante & Eivissa 200-788m"	494	5065	20	3	19.5	3	Summer	38.6	0.0	208.6	19.10	10.87	13.22	-0.03	15.32	2.99	e4.5	4.5	16	11	678.827	150	14-20.5
Alicante_and_Eivissa-Su-30	"Alicante & Eivissa 30-200m"	115	5620	20	3	16.4	3	Summer	38.6	0.0	208.6	19.10	11.27	13.67	0.20	15.88	4.09	e4.5	4.5	10	19	776.693	215	14-20.5
Bay_of_Biscay-Au-28	"Bay of Biscay 28-100m"	64	26316	20	4	20.5	4	Autumn	45.8	-4.6	520.3	14.70	8.18	11.97	0.79	13.18	3.96	e4.5	4.5	37	19	389.184	486	7.5-14
Bear_Island-Au-36	"Bear Island 36-830m"	433	258318	16	7	25	3.4	Autumn	77.0	18.7	117.1	1.50	3.14	1.27	0.38	1.35	1.81	e4.5	4.5	214	5	1631.874	1576	<7.5
Celtic_Sea-Au-65	"Celtic Sea 65-524m"	294.5	141601	20	4.1	18.7	4	Autumn	49.9	-8.2	317.1	12.90	6.00	10.57	0.34	11.50	2.52	e4.5	4.5	38	19	3201.416	545	7.5-14
Davis_Strait-Au-400	"Davis Strait 400-1500m"	950	52602	30	5	28	3	Autumn	64.2	-54.7	114.1	1.60	4.96	3.84	-0.29	1.88	1.65	e4.5	4.5	42	5	1721.673	591	<7.5
E_Greenl_GDR-Au-200	"E Greenland 200-400m"	300	56488	30	4	22	4.5	Autumn	62.8	-36.8	112.4	4.20	1.47	4.68	0.08	4.61	0.72	e4.5	4.5	98	6	2850.273	1069	<7.5
E_Greenl_GDR-Au-50	"E Greenland 50-200m"	125	17576	30	4	22	4.5	Autumn	62.8	-36.8	112.4	3.30	1.08	4.28	0.20	3.77	0.51	e4.5	4.5	33	6	7714.901	366	<7.5
E_Greenland-Su-400	"E Greenland 400-1500m"	950	43458	30	5	28	3	Summer	64.2	-35.8	112.4	4.50	2.01	3.95	-0.07	4.86	1.06	e4.5	4.5	34	6	862.449	476	<7.5
Far_NE-Sp-200	"Faroe Islands NE Feb 200-500m"	350	16393	40	4	17.5	3	Spring	61.7	-5.5	215.3	8.70	3.53	5.52	0.44	8.14	2.25	e4.5	4.5	27	7	3515.615	283	7.5-14
Far_NE-Su-200	"Faroe Islands NE Aug 200-500m"	350	16393	40	4	17.5	3	Summer	61.7	-5.5	215.3	8.70	3.53	5.52	0.44	8.14	2.25	e4.5	4.5	57	10	2563.638	585	7.5-14
Far_Pla-Sp-65	"Faroe Plateau Feb 65-200m"	132.5	18178	40	4	16	3	Spring	61.7	-6.7	196.8	8.70	3.17	7.63	1.29	8.33	2.35	e4.5	4.5	93	7	5373.182	1033	7.5-14
Far_Pla-Su-65	"Faroe Plateau Feb 65-200m"	132.5	18178	40	4	16	3	Summer	61.7	-6.7	196.8	8.70	3.17	7.63	1.29	8.33	2.35	e4.5	4.5	146	10	9706.887	1643	7.5-14
Far_SW-Su-200	"Faroe SW 200-500m"	350	8576	40	4	17.5	3	Summer	61.7	-7.9	199.7	9.00	2.99	5.52	0.42	8.59	2.03	e4.5	4.5	35	5	898.364	361	7.5-14
Guinea-All-5	"Guinea 5-50m"	27.5	32558	25	3	13	3	All	9.8	-14.8	693.7	27.30	1.38	22.64	3.41	25.29	2.85	e4.5	4.5	82	31	5959.924	2280	>20.5
Guinea-All-50	"Guinea 50-200m"	125	4783	25	3	13	3	All	9.8	-14.8	693.7	27.30	1.43	16.99	1.38	22.40	2.54	e4.5	4.5	4	11	162.613	103	>20.5
GuLw1_N-Su-200	"Gulf St. Lawrence I 200-520m"	360	59533	19	5.5	13.4	3	Summer	49.6	-62.4	324.4	5.10	13.43	3.81	-0.08	1.75	3.21	e4.5	4.5	62	10	3116.219	2100	<7.5
GuLw1_N-Su-40	"Gulf St. Lawrence I 40-200m"	120	36826	19	5.5	13.4	3	Summer	49.6	-62.4	324.4	5.10	13.43	3.81	-0.08	1.75	3.21	e4.5	4.5	27	8	1413.205	911	<7.5
GuLw2_N-Su-200	"Gulf St. Lawrence II 200-671m"	360	59533	12.7	4	16.9	3	Summer	49.6	-62.4	324.4	5.10	13.43	3.81	-0.08	1.75	3.21	e4.5	4.5	24	11	11455.345	1034	<7.5
GuLw2_N-Su-40	"Gulf St. Lawrence II 40-200m"	120	36826	12.7	4	16.9	3	Summer	49.6	-62.4	324.4	5.10	13.43	3.81	-0.08	1.75	3.21	e4.5	4.5	16	11	9743.595	671	<7.5
Iceland_NE-Au-200	"Iceland NE 200-1160m"	679.75	106038	40	5.5	17	3.8	Autumn	65.8	-16.6	187.6	3.90	4.18	0.53	0.13	3.15	2.08	e4.5	4.5	118	7	965.362	1248	<7.5
Iceland_NE-Au-60	"Iceland NE 60-200m"	129.75	40140	40	4.5	17	3.8	Autumn	65.5	-17.3	187.6	5.20	4.65	3.94	1.59	4.67	3.01	e4.5	4.5	45	6	7594.098	470	<7.5
Iceland_SW-Au-201	"Iceland SW 200-1313m"	756.25	50278	40	5.5	17	3.8	Autumn	65.1	-25.8	262.1	7.70	3.62	5.86	0.28	7.20	1.96	e4.5	4.5	87	7	3690.662	916	<7.6
Iceland_SW-Au-42	"Iceland SW 42-200m"	120.75	39766	40	4.5	17	3.8	Autumn	65.0	-20.5	262.1	7.70	4.45	7.01	1.45	7.35	2.89	e4.5	4.5	44	6	12326.896	467	<7.7
Mauritania-All-5	"Mauritania 5-50m"	27.5	14127	40	4	17	3.5	All	18.5	-16.9	1885.6	20.80	6.89	17.60	4.12	19.34	5.79	e4.5	4.5	89	34	3368.357	1621	14-20.5
Mauritania-All-50	"Mauretania 50-200m"	125	10646	40	4	17	3.5	All	18.5	-16.9	1885.6	21.50	7.54	14.17	1.47	18.37	4.64	e4.5	4.5	71	31	1232.158	1285	14-20.5
Morocco-All-200	"Morocco 200-400m"	300	4876	40	2.1	21.4	3	All	32.3	-8.6	380.3	19.10	3.83	12.23	-0.25	17.27	0.83	e4.5	4.5	7	13	1137.312	178	14-20.5
Morocco-All-22	"Morocco 22-200m"	111	28889	40	2.1	21.4	3	All	32.3	-8.6	380.3	19.20	3.97	15.23	-0.37	17.55	1.11	e4.5	4.5	20	21	2268.816	548	14-20.5
Morocco-All-400	"Morocco 400-890m"	645	10690	40	2.1	21.4	3	All	32.3	-8.6	380.3	19.20	4.04	10.48	-0.14	17.27	0.95	e4.5	4.5	13	9	742.956	227	14-20.5
North_Sea-Su-11	"North Sea Aug 11-269m"	140	493244	20	5	21	4	Summer	56.4	2.4	387.3	10.10	8.14	8.36	3.49	9.16	5.66	e4.5	4.5	289	20	9973.371	3736	7.5-14
North_Sea-Wi-10	"North Sea Feb 10-270m"	140	499507	20	5	21	4	Winter	56.2	2.3	387.3	10.10	8.16	8.37	3.53	9.17	5.70	e4.5	4.5	765	20	5653.328	9152	7.5-14
Northern_Spain-Au-35.5	"Northern Spain 35.5-493m"	264	20279	20	2	18.9	3	Autumn	43.0	-5.7	379.1	15.50	5.72	11.74	0.31	13.88	2.15	e4.5	4.5	137	19	674.023	2610	7.5-14
Norwegian_coast-Au-140	"Norwegian coast 140-803m"	471.5	118922	16	7	25	3.4	Autumn	72.4	22.2	172.6	6.10	3.70	3.52	-0.30	5.49	1.73	e4.5	4.5	67	6	1417.619	530	<7.5
Porcupine_Bank-Au-189	"Porcupine Bank 189-763m"	476	53139	20	3.5	20	3.5	Autumn	52.5	-13.1	235.2	12.40	4.54	10.13	-0.05	11.40	2.01	e4.5	4.5	42	11	977.733	651	7.5-14
Portugal_N-Au-14	"Portugal North 14-678m"	346	12482	20	4.6	15	3.5	Autumn	40.6	-9.3	497.6	16.30	4.66	13.22	-0.27	14.87	1.43	e4.5	4.5	48	20	132.527	678	14-20.5
Portugal_S-Au-16	"Portugal South 19-690m"	354.5	2801	20	4.6	15	3.5	Autumn	36.9	-8.2	497.6	18.10	4.49	14.34	-0.35	16.56	1.34	e4.5	4.5	30	21	165.998	411	14-20.5
Portugal_SW-Au-30	"Portugal Southwest 30-460m"	245	8248	20	4.6	15	3.5	Autumn	38.3	-9.5	497.6	17.00	4.00	13.36	-0.38	15.58	1.15	e4.5	4.5	39	23	241.253	567	14-20.5
S_Barents_Sea-Au-36	"Southern Barents Sea 36-830m"	433	820387	16	7	25	3.4	Autumn	73.2	38.7	128.0	2.30	4.67	0.72	-0.02	1.47	1.93	e4.5	4.5	296	6	1991.098	2144	<7.5
S_Tyrrhenian_Sea-Su-19	"South Tyrrhenian Sea 19-200m"	109.5	941	20	1.9	18.4	3	Summer	38.3	14.3	170.0	19.50	11.21	13.72	-0.01	15.80	2.96	e4.5	4.5	6	11	229.599	122	14-20.5
S_Tyrrhenian_Sea-Su-200	"South Tyrrhenian Sea 200-693m"	446.5	1821	20	1.9	18.4	3	Summer	38.3	14.3	170.0	19.50	11.21	13.72	-0.01	15.80	2.96	e4.5	4.5	13	7	428.333	127	14-20.5
Scotian_shelf-Su-17	"Scotian shelf 12-200m"	106	190955	19	4.6	12.5	3.5	Summer	44.2	-62.4	306.2	8.00	13.35	5.38	0.94	5.43	4.94	e4.5	4.5	167	11	4802.932	4097	7.5-14
Tramontana-Su-200	"Tramontana 200-767m"	483.5	5318	20	3	20.3	3	Summer	41.0	2.2	241.6	18.11	10.61	13.36	0.44	13.19	4.43	e4.5	4.5	12	4	1229.003	106	14-20.5
Tramontana-Su-30	"Tramontana 30-200m"	115	10149	20	3	16.3	3	Summer	41.0	2.2	241.6	17.70	10.19	13.11	0.06	14.67	3.55	e4.5	4.5	32	22	632.042	347	14-20.5
W_Greenland_GDR-Au-200	"W Greenland 200-400m"	300	13077	30	4	22	4.5	Autumn	62.9	-50.3	124.5	1.60	3.86	3.75	0.10	1.95	1.79	e4.5	4.5	68	9	1711.643	740	<7.5
W_Greenland_GDR-Au-50	"W Greenland 50-200m"	124.5	47617	30	4	22	4.5	Autumn	62.9	-50.3	124.5	1.60	3.43	2.87	0.43	1.90	1.73	e4.5	4.5	122	7	988.180	1331	<7.5
West_of_Scotland-Au-30	"West of Scotland Nov 30-500m"	265	114470	20	4.6	20	4	Autumn	57.3	-7.7	324.4	10.80	4.58	9.65	1.37	10.28	3.02	e4.5	4.5	49	17	4873.763	527	7.5-14
West_of_Scotland-Wi-10	"West of Scotland Mar 10-405m"	207.5	114003	20	4.6	20	4	Winter	57.3	-7.7	324.4	10.80	4.59	9.68	1.38	10.28	3.03	e4.5	4.5	99	16	4913.962	991	7.5-14
Adriatic-Su-16	"Adriatic 16-449m"	232.5	54363	20	2.3	16.5	3	Summer	43.9	15.7	223.5	17.90	10.81	13.46	0.73	15.05	4.14	e5	5	31	8	1466.145	657	14-20.5
Alboran_Sea-Su-200	"Alboran Sea 200-810m"	505	8812	20	3	19.4	3	Summer	36.8	-3.0	402.0	18.30	7.17	13.10	-0.04	15.20	1.61	e5	5	27	3	40.210	251	14-20.5
Alboran_Sea-Su-30	"Alboran Sea 30-200m"	115	2247	20	3	16.4	3	Summer	36.8	-3.0	402.0	18.40	7.57	13.20	-0.04	15.22	1.76	e5	5	8	5	819.169	169	14-20.5
Alicante_and_Eivissa-Su-200	"Alicante & Eivissa 200-788m"	494	5065	20	3	19.5	3	Summer	38.6	0.0	208.6	19.10	10.87	13.22	-0.03	15.32	2.99	e5	5	16	3	174.938	150	14-20.5
Alicante_and_Eivissa-Su-30	"Alicante & Eivissa 30-200m"	115	5620	20	3	16.4	3	Summer	38.6	0.0	208.6	19.10	11.27	13.67	0.20	15.88	4.09	e5	5	10	4	3412.113	215	14-20.5
Bay_of_Biscay-Au-28	"Bay of Biscay 28-100m"	64	26316	20	4	20.5	4	Autumn	45.8	-4.6	520.3	14.70	8.18	11.97	0.79	13.18	3.96	e5	5	37	8	1483.735	486	7.5-14
Bear_Island-Au-36	"Bear Island 36-830m"	433	258318	16	7	25	3.4	Autumn	77.0	18.7	117.1	1.50	3.14	1.27	0.38	1.35	1.81	e5	5	214	7	56.456	1576	<7.5
Celtic_Sea-Au-65	"Celtic Sea 65-524m"	294.5	141601	20	4.1	18.7	4	Autumn	49.9	-8.2	317.1	12.90	6.00	10.57	0.34	11.50	2.52	e5	5	38	9	819.277	545	7.5-14
Davis_Strait-Au-400	"Davis Strait 400-1500m"	950	52602	30	5	28	3	Autumn	64.2	-54.7	114.1	1.60	4.96	3.84	-0.29	1.88	1.65	e5	5	42	6	3.556	591	<7.5
E_Greenl_GDR-Au-200	"E Greenland 200-400m"	300	56488	30	4	22	4.5	Autumn	62.8	-36.8	112.4	4.20	1.47	4.68	0.08	4.61	0.72	e5	5	98	7	157.650	1069	<7.5
E_Greenl_GDR-Au-50	"E Greenland 50-200m"	125	17576	30	4	22	4.5	Autumn	62.8	-36.8	112.4	3.30	1.08	4.28	0.20	3.77	0.51	e5	5	33	6	118.689	366	<7.5
E_Greenland-Su-400	"E Greenland 400-1500m"	950	43458	30	5	28	3	Summer	64.2	-35.8	112.4	4.50	2.01	3.95	-0.07	4.86	1.06	e5	5	34	7	46.551	476	<7.5
Far_NE-Sp-200	"Faroe Islands NE Feb 200-500m"	350	16393	40	4	17.5	3	Spring	61.7	-5.5	215.3	8.70	3.53	5.52	0.44	8.14	2.25	e5	5	27	9	1054.991	283	7.5-14
Far_NE-Su-200	"Faroe Islands NE Aug 200-500m"	350	16393	40	4	17.5	3	Summer	61.7	-5.5	215.3	8.70	3.53	5.52	0.44	8.14	2.25	e5	5	57	9	1582.109	585	7.5-14
Far_Pla-Sp-65	"Faroe Plateau Feb 65-200m"	132.5	18178	40	4	16	3	Spring	61.7	-6.7	196.8	8.70	3.17	7.63	1.29	8.33	2.35	e5	5	93	8	534.664	1033	7.5-14
Far_Pla-Su-65	"Faroe Plateau Feb 65-200m"	132.5	18178	40	4	16	3	Summer	61.7	-6.7	196.8	8.70	3.17	7.63	1.29	8.33	2.35	e5	5	146	9	1501.932	1643	7.5-14
Far_SW-Su-200	"Faroe SW 200-500m"	350	8576	40	4	17.5	3	Summer	61.7	-7.9	199.7	9.00	2.99	5.52	0.42	8.59	2.03	e5	5	35	7	1492.304	361	7.5-14
Guinea-All-5	"Guinea 5-50m"	27.5	32558	25	3	13	3	All	9.8	-14.8	693.7	27.30	1.38	22.64	3.41	25.29	2.85	e5	5	82	19	668.138	2280	>20.5
Guinea-All-50	"Guinea 50-200m"	125	4783	25	3	13	3	All	9.8	-14.8	693.7	27.30	1.43	16.99	1.38	22.40	2.54	e5	5	4	5	22.082	103	>20.5
GuLw1_N-Su-200	"Gulf St. Lawrence I 200-520m"	360	59533	19	5.5	13.4	3	Summer	49.6	-62.4	324.4	5.10	13.43	3.81	-0.08	1.75	3.21	e5	5	62	9	128.973	2100	<7.5
GuLw1_N-Su-40	"Gulf St. Lawrence I 40-200m"	120	36826	19	5.5	13.4	3	Summer	49.6	-62.4	324.4	5.10	13.43	3.81	-0.08	1.75	3.21	e5	5	27	8	78.095	911	<7.5
GuLw2_N-Su-200	"Gulf St. Lawrence II 200-671m"	360	59533	12.7	4	16.9	3	Summer	49.6	-62.4	324.4	5.10	13.43	3.81	-0.08	1.75	3.21	e5	5	24	9	387.751	1034	<7.5
GuLw2_N-Su-40	"Gulf St. Lawrence II 40-200m"	120	36826	12.7	4	16.9	3	Summer	49.6	-62.4	324.4	5.10	13.43	3.81	-0.08	1.75	3.21	e5	5	16	6	194.066	671	<7.5
Iceland_NE-Au-200	"Iceland NE 200-1160m"	679.75	106038	40	5.5	17	3.8	Autumn	65.8	-16.6	187.6	3.90	4.18	0.53	0.13	3.15	2.08	e5	5	118	8	39.739	1248	<7.5
Iceland_NE-Au-60	"Iceland NE 60-200m"	129.75	40140	40	4.5	17	3.8	Autumn	65.5	-17.3	187.6	5.20	4.65	3.94	1.59	4.67	3.01	e5	5	45	7	230.464	470	<7.5
Iceland_SW-Au-201	"Iceland SW 200-1313m"	756.25	50278	40	5.5	17	3.8	Autumn	65.1	-25.8	262.1	7.70	3.62	5.86	0.28	7.20	1.96	e5	5	87	9	165.260	916	<7.6
Iceland_SW-Au-42	"Iceland SW 42-200m"	120.75	39766	40	4.5	17	3.8	Autumn	65.0	-20.5	262.1	7.70	4.45	7.01	1.45	7.35	2.89	e5	5	44	7	196.809	467	<7.7
Mauritania-All-5	"Mauritania 5-50m"	27.5	14127	40	4	17	3.5	All	18.5	-16.9	1885.6	20.80	6.89	17.60	4.12	19.34	5.79	e5	5	89	16	168.921	1621	14-20.5
Mauritania-All-50	"Mauretania 50-200m"	125	10646	40	4	17	3.5	All	18.5	-16.9	1885.6	21.50	7.54	14.17	1.47	18.37	4.64	e5	5	71	16	50.854	1285	14-20.5
Morocco-All-200	"Morocco 200-400m"	300	4876	40	2.1	21.4	3	All	32.3	-8.6	380.3	19.10	3.83	12.23	-0.25	17.27	0.83	e5	5	7	1	2284.834	178	14-20.5
Morocco-All-22	"Morocco 22-200m"	111	28889	40	2.1	21.4	3	All	32.3	-8.6	380.3	19.20	3.97	15.23	-0.37	17.55	1.11	e5	5	20	1	2315.327	548	14-20.5
Morocco-All-400	"Morocco 400-890m"	645	10690	40	2.1	21.4	3	All	32.3	-8.6	380.3	19.20	4.04	10.48	-0.14	17.27	0.95	e5	5	13	1	763.574	227	14-20.5
North_Sea-Su-11	"North Sea Aug 11-269m"	140	493244	20	5	21	4	Summer	56.4	2.4	387.3	10.10	8.14	8.36	3.49	9.16	5.66	e5	5	289	14	180.054	3736	7.5-14
North_Sea-Wi-10	"North Sea Feb 10-270m"	140	499507	20	5	21	4	Winter	56.2	2.3	387.3	10.10	8.16	8.37	3.53	9.17	5.70	e5	5	765	14	71.109	9152	7.5-14
Northern_Spain-Au-35.5	"Northern Spain 35.5-493m"	264	20279	20	2	18.9	3	Autumn	43.0	-5.7	379.1	15.50	5.72	11.74	0.31	13.88	2.15	e5	5	137	9	3373.311	2610	7.5-14
Norwegian_coast-Au-140	"Norwegian coast 140-803m"	471.5	118922	16	7	25	3.4	Autumn	72.4	22.2	172.6	6.10	3.70	3.52	-0.30	5.49	1.73	e5	5	67	6	20.285	530	<7.5
Porcupine_Bank-Au-189	"Porcupine Bank 189-763m"	476	53139	20	3.5	20	3.5	Autumn	52.5	-13.1	235.2	12.40	4.54	10.13	-0.05	11.40	2.01	e5	5	42	7	455.920	651	7.5-14
Portugal_N-Au-14	"Portugal North 14-678m"	346	12482	20	4.6	15	3.5	Autumn	40.6	-9.3	497.6	16.30	4.66	13.22	-0.27	14.87	1.43	e5	5	48	3	1175.202	678	14-20.5
Portugal_S-Au-16	"Portugal South 19-690m"	354.5	2801	20	4.6	15	3.5	Autumn	36.9	-8.2	497.6	18.10	4.49	14.34	-0.35	16.56	1.34	e5	5	30	6	882.569	411	14-20.5
Portugal_SW-Au-30	"Portugal Southwest 30-460m"	245	8248	20	4.6	15	3.5	Autumn	38.3	-9.5	497.6	17.00	4.00	13.36	-0.38	15.58	1.15	e5	5	39	6	2138.605	567	14-20.5
S_Barents_Sea-Au-36	"Southern Barents Sea 36-830m"	433	820387	16	7	25	3.4	Autumn	73.2	38.7	128.0	2.30	4.67	0.72	-0.02	1.47	1.93	e5	5	296	7	21.993	2144	<7.5
S_Tyrrhenian_Sea-Su-19	"South Tyrrhenian Sea 19-200m"	109.5	941	20	1.9	18.4	3	Summer	38.3	14.3	170.0	19.50	11.21	13.72	-0.01	15.80	2.96	e5	5	6	7	1085.703	122	14-20.5
S_Tyrrhenian_Sea-Su-200	"South Tyrrhenian Sea 200-693m"	446.5	1821	20	1.9	18.4	3	Summer	38.3	14.3	170.0	19.50	11.21	13.72	-0.01	15.80	2.96	e5	5	13	4	519.184	127	14-20.5
Scotian_shelf-Su-17	"Scotian shelf 12-200m"	106	190955	19	4.6	12.5	3.5	Summer	44.2	-62.4	306.2	8.00	13.35	5.38	0.94	5.43	4.94	e5	5	167	10	1243.423	4097	7.5-14
Tramontana-Su-200	"Tramontana 200-767m"	483.5	5318	20	3	20.3	3	Summer	41.0	2.2	241.6	18.11	10.61	13.36	0.44	13.19	4.43	e5	5	12	1	280.431	106	14-20.5
Tramontana-Su-30	"Tramontana 30-200m"	115	10149	20	3	16.3	3	Summer	41.0	2.2	241.6	17.70	10.19	13.11	0.06	14.67	3.55	e5	5	32	3	6290.148	347	14-20.5
W_Greenland_GDR-Au-200	"W Greenland 200-400m"	300	13077	30	4	22	4.5	Autumn	62.9	-50.3	124.5	1.60	3.86	3.75	0.10	1.95	1.79	e5	5	68	6	117.683	740	<7.5
W_Greenland_GDR-Au-50	"W Greenland 50-200m"	124.5	47617	30	4	22	4.5	Autumn	62.9	-50.3	124.5	1.60	3.43	2.87	0.43	1.90	1.73	e5	5	122	4	111.776	1331	<7.5
West_of_Scotland-Au-30	"West of Scotland Nov 30-500m"	265	114470	20	4.6	20	4	Autumn	57.3	-7.7	324.4	10.80	4.58	9.65	1.37	10.28	3.02	e5	5	49	10	612.813	527	7.5-14
West_of_Scotland-Wi-10	"West of Scotland Mar 10-405m"	207.5	114003	20	4.6	20	4	Winter	57.3	-7.7	324.4	10.80	4.59	9.68	1.38	10.28	3.03	e5	5	99	10	610.065	991	7.5-14
Adriatic-Su-16	"Adriatic 16-449m"	232.5	54363	20	2.3	16.5	3	Summer	43.9	15.7	223.5	17.90	10.81	13.46	0.73	15.05	4.14	e5.5	5.5	31	7	103.210	657	14-20.5
Alboran_Sea-Su-200	"Alboran Sea 200-810m"	505	8812	20	3	19.4	3	Summer	36.8	-3.0	402.0	18.30	7.17	13.10	-0.04	15.20	1.61	e5.5	5.5	27	5	246.717	251	14-20.5
Alboran_Sea-Su-30	"Alboran Sea 30-200m"	115	2247	20	3	16.4	3	Summer	36.8	-3.0	402.0	18.40	7.57	13.20	-0.04	15.22	1.76	e5.5	5.5	8	5	754.015	169	14-20.5
Alicante_and_Eivissa-Su-200	"Alicante & Eivissa 200-788m"	494	5065	20	3	19.5	3	Summer	38.6	0.0	208.6	19.10	10.87	13.22	-0.03	15.32	2.99	e5.5	5.5	16	5	154.630	150	14-20.5
Alicante_and_Eivissa-Su-30	"Alicante & Eivissa 30-200m"	115	5620	20	3	16.4	3	Summer	38.6	0.0	208.6	19.10	11.27	13.67	0.20	15.88	4.09	e5.5	5.5	10	6	772.604	215	14-20.5
Bay_of_Biscay-Au-28	"Bay of Biscay 28-100m"	64	26316	20	4	20.5	4	Autumn	45.8	-4.6	520.3	14.70	8.18	11.97	0.79	13.18	3.96	e5.5	5.5	37	10	44.611	486	7.5-14
Bear_Island-Au-36	"Bear Island 36-830m"	433	258318	16	7	25	3.4	Autumn	77.0	18.7	117.1	1.50	3.14	1.27	0.38	1.35	1.81	e5.5	5.5	214	3	766.652	1576	<7.5
Celtic_Sea-Au-65	"Celtic Sea 65-524m"	294.5	141601	20	4.1	18.7	4	Autumn	49.9	-8.2	317.1	12.90	6.00	10.57	0.34	11.50	2.52	e5.5	5.5	38	9	64.488	545	7.5-14
Davis_Strait-Au-400	"Davis Strait 400-1500m"	950	52602	30	5	28	3	Autumn	64.2	-54.7	114.1	1.60	4.96	3.84	-0.29	1.88	1.65	e5.5	5.5	42	1	16.396	591	<7.5
E_Greenl_GDR-Au-200	"E Greenland 200-400m"	300	56488	30	4	22	4.5	Autumn	62.8	-36.8	112.4	4.20	1.47	4.68	0.08	4.61	0.72	e5.5	5.5	98	2	115.027	1069	<7.5
E_Greenl_GDR-Au-50	"E Greenland 50-200m"	125	17576	30	4	22	4.5	Autumn	62.8	-36.8	112.4	3.30	1.08	4.28	0.20	3.77	0.51	e5.5	5.5	33	2	597.377	366	<7.5
E_Greenland-Su-400	"E Greenland 400-1500m"	950	43458	30	5	28	3	Summer	64.2	-35.8	112.4	4.50	2.01	3.95	-0.07	4.86	1.06	e5.5	5.5	34	3	10.279	476	<7.5
Far_NE-Sp-200	"Faroe Islands NE Feb 200-500m"	350	16393	40	4	17.5	3	Spring	61.7	-5.5	215.3	8.70	3.53	5.52	0.44	8.14	2.25	e5.5	5.5	27	4	115.387	283	7.5-14
Far_NE-Su-200	"Faroe Islands NE Aug 200-500m"	350	16393	40	4	17.5	3	Summer	61.7	-5.5	215.3	8.70	3.53	5.52	0.44	8.14	2.25	e5.5	5.5	57	4	104.256	585	7.5-14
Far_Pla-Sp-65	"Faroe Plateau Feb 65-200m"	132.5	18178	40	4	16	3	Spring	61.7	-6.7	196.8	8.70	3.17	7.63	1.29	8.33	2.35	e5.5	5.5	93	4	2100.642	1033	7.5-14
Far_Pla-Su-65	"Faroe Plateau Feb 65-200m"	132.5	18178	40	4	16	3	Summer	61.7	-6.7	196.8	8.70	3.17	7.63	1.29	8.33	2.35	e5.5	5.5	146	4	536.440	1643	7.5-14
Far_SW-Su-200	"Faroe SW 200-500m"	350	8576	40	4	17.5	3	Summer	61.7	-7.9	199.7	9.00	2.99	5.52	0.42	8.59	2.03	e5.5	5.5	35	4	164.606	361	7.5-14
Guinea-All-5	"Guinea 5-50m"	27.5	32558	25	3	13	3	All	9.8	-14.8	693.7	27.30	1.38	22.64	3.41	25.29	2.85	e5.5	5.5	82	19	958.757	2280	>20.5
Guinea-All-50	"Guinea 50-200m"	125	4783	25	3	13	3	All	9.8	-14.8	693.7	27.30	1.43	16.99	1.38	22.40	2.54	e5.5	5.5	4	5	41.037	103	>20.5
GuLw1_N-Su-200	"Gulf St. Lawrence I 200-520m"	360	59533	19	5.5	13.4	3	Summer	49.6	-62.4	324.4	5.10	13.43	3.81	-0.08	1.75	3.21	e5.5	5.5	62	1	67.965	2100	<7.5
GuLw1_N-Su-40	"Gulf St. Lawrence I 40-200m"	120	36826	19	5.5	13.4	3	Summer	49.6	-62.4	324.4	5.10	13.43	3.81	-0.08	1.75	3.21	e5.5	5.5	27	1	772.289	911	<7.5
GuLw2_N-Su-200	"Gulf St. Lawrence II 200-671m"	360	59533	12.7	4	16.9	3	Summer	49.6	-62.4	324.4	5.10	13.43	3.81	-0.08	1.75	3.21	e5.5	5.5	24	1	366.318	1034	<7.5
GuLw2_N-Su-40	"Gulf St. Lawrence II 40-200m"	120	36826	12.7	4	16.9	3	Summer	49.6	-62.4	324.4	5.10	13.43	3.81	-0.08	1.75	3.21	e5.5	5.5	16	1	4763.028	671	<7.5
Iceland_NE-Au-200	"Iceland NE 200-1160m"	679.75	106038	40	5.5	17	3.8	Autumn	65.8	-16.6	187.6	3.90	4.18	0.53	0.13	3.15	2.08	e5.5	5.5	118	5	510.134	1248	<7.5
Iceland_NE-Au-60	"Iceland NE 60-200m"	129.75	40140	40	4.5	17	3.8	Autumn	65.5	-17.3	187.6	5.20	4.65	3.94	1.59	4.67	3.01	e5.5	5.5	45	4	600.606	470	<7.5
Iceland_SW-Au-201	"Iceland SW 200-1313m"	756.25	50278	40	5.5	17	3.8	Autumn	65.1	-25.8	262.1	7.70	3.62	5.86	0.28	7.20	1.96	e5.5	5.5	87	4	107.064	916	<7.6
Iceland_SW-Au-42	"Iceland SW 42-200m"	120.75	39766	40	4.5	17	3.8	Autumn	65.0	-20.5	262.1	7.70	4.45	7.01	1.45	7.35	2.89	e5.5	5.5	44	4	105.034	467	<7.7
Mauritania-All-5	"Mauritania 5-50m"	27.5	14127	40	4	17	3.5	All	18.5	-16.9	1885.6	20.80	6.89	17.60	4.12	19.34	5.79	e5.5	5.5	89	19	528.789	1621	14-20.5
Mauritania-All-50	"Mauretania 50-200m"	125	10646	40	4	17	3.5	All	18.5	-16.9	1885.6	21.50	7.54	14.17	1.47	18.37	4.64	e5.5	5.5	71	16	298.850	1285	14-20.5
Morocco-All-200	"Morocco 200-400m"	300	4876	40	2.1	21.4	3	All	32.3	-8.6	380.3	19.10	3.83	12.23	-0.25	17.27	0.83	e5.5	5.5	7	3	3507.700	178	14-20.5
Morocco-All-22	"Morocco 22-200m"	111	28889	40	2.1	21.4	3	All	32.3	-8.6	380.3	19.20	3.97	15.23	-0.37	17.55	1.11	e5.5	5.5	20	6	1646.088	548	14-20.5
Morocco-All-400	"Morocco 400-890m"	645	10690	40	2.1	21.4	3	All	32.3	-8.6	380.3	19.20	4.04	10.48	-0.14	17.27	0.95	e5.5	5.5	13	3	578.881	227	14-20.5
North_Sea-Su-11	"North Sea Aug 11-269m"	140	493244	20	5	21	4	Summer	56.4	2.4	387.3	10.10	8.14	8.36	3.49	9.16	5.66	e5.5	5.5	289	8	232.156	3736	7.5-14
North_Sea-Wi-10	"North Sea Feb 10-270m"	140	499507	20	5	21	4	Winter	56.2	2.3	387.3	10.10	8.16	8.37	3.53	9.17	5.70	e5.5	5.5	765	7	198.741	9152	7.5-14
Northern_Spain-Au-35.5	"Northern Spain 35.5-493m"	264	20279	20	2	18.9	3	Autumn	43.0	-5.7	379.1	15.50	5.72	11.74	0.31	13.88	2.15	e5.5	5.5	137	8	141.631	2610	7.5-14
Norwegian_coast-Au-140	"Norwegian coast 140-803m"	471.5	118922	16	7	25	3.4	Autumn	72.4	22.2	172.6	6.10	3.70	3.52	-0.30	5.49	1.73	e5.5	5.5	67	3	182.161	530	<7.5
Porcupine_Bank-Au-189	"Porcupine Bank 189-763m"	476	53139	20	3.5	20	3.5	Autumn	52.5	-13.1	235.2	12.40	4.54	10.13	-0.05	11.40	2.01	e5.5	5.5	42	8	71.720	651	7.5-14
Portugal_N-Au-14	"Portugal North 14-678m"	346	12482	20	4.6	15	3.5	Autumn	40.6	-9.3	497.6	16.30	4.66	13.22	-0.27	14.87	1.43	e5.5	5.5	48	6	23.664	678	14-20.5
Portugal_S-Au-16	"Portugal South 19-690m"	354.5	2801	20	4.6	15	3.5	Autumn	36.9	-8.2	497.6	18.10	4.49	14.34	-0.35	16.56	1.34	e5.5	5.5	30	5	1143.450	411	14-20.5
Portugal_SW-Au-30	"Portugal Southwest 30-460m"	245	8248	20	4.6	15	3.5	Autumn	38.3	-9.5	497.6	17.00	4.00	13.36	-0.38	15.58	1.15	e5.5	5.5	39	7	82.368	567	14-20.5
S_Barents_Sea-Au-36	"Southern Barents Sea 36-830m"	433	820387	16	7	25	3.4	Autumn	73.2	38.7	128.0	2.30	4.67	0.72	-0.02	1.47	1.93	e5.5	5.5	296	3	529.903	2144	<7.5
S_Tyrrhenian_Sea-Su-19	"South Tyrrhenian Sea 19-200m"	109.5	941	20	1.9	18.4	3	Summer	38.3	14.3	170.0	19.50	11.21	13.72	-0.01	15.80	2.96	e5.5	5.5	6	3	50.654	122	14-20.5
S_Tyrrhenian_Sea-Su-200	"South Tyrrhenian Sea 200-693m"	446.5	1821	20	1.9	18.4	3	Summer	38.3	14.3	170.0	19.50	11.21	13.72	-0.01	15.80	2.96	e5.5	5.5	13	5	382.768	127	14-20.5
Scotian_shelf-Su-17	"Scotian shelf 12-200m"	106	190955	19	4.6	12.5	3.5	Summer	44.2	-62.4	306.2	8.00	13.35	5.38	0.94	5.43	4.94	e5.5	5.5	167	2	545.824	4097	7.5-14
Tramontana-Su-200	"Tramontana 200-767m"	483.5	5318	20	3	20.3	3	Summer	41.0	2.2	241.6	18.11	10.61	13.36	0.44	13.19	4.43	e5.5	5.5	12	4	44.415	106	14-20.5
Tramontana-Su-30	"Tramontana 30-200m"	115	10149	20	3	16.3	3	Summer	41.0	2.2	241.6	17.70	10.19	13.11	0.06	14.67	3.55	e5.5	5.5	32	5	239.985	347	14-20.5
W_Greenland_GDR-Au-200	"W Greenland 200-400m"	300	13077	30	4	22	4.5	Autumn	62.9	-50.3	124.5	1.60	3.86	3.75	0.10	1.95	1.79	e5.5	5.5	68	1	240.907	740	<7.5
W_Greenland_GDR-Au-50	"W Greenland 50-200m"	124.5	47617	30	4	22	4.5	Autumn	62.9	-50.3	124.5	1.60	3.43	2.87	0.43	1.90	1.73	e5.5	5.5	122	1	1850.940	1331	<7.5
West_of_Scotland-Au-30	"West of Scotland Nov 30-500m"	265	114470	20	4.6	20	4	Autumn	57.3	-7.7	324.4	10.80	4.58	9.65	1.37	10.28	3.02	e5.5	5.5	49	8	47.643	527	7.5-14
West_of_Scotland-Wi-10	"West of Scotland Mar 10-405m"	207.5	114003	20	4.6	20	4	Winter	57.3	-7.7	324.4	10.80	4.59	9.68	1.38	10.28	3.03	e5.5	5.5	99	7	54.184	991	7.5-14
Adriatic-Su-16	"Adriatic 16-449m"	232.5	54363	20	2.3	16.5	3	Summer	43.9	15.7	223.5	17.90	10.81	13.46	0.73	15.05	4.14	e6	6	31	0	0.000	657	14-20.5
Alboran_Sea-Su-200	"Alboran Sea 200-810m"	505	8812	20	3	19.4	3	Summer	36.8	-3.0	402.0	18.30	7.17	13.10	-0.04	15.20	1.61	e6	6	27	1	0.074	251	14-20.5
Alboran_Sea-Su-30	"Alboran Sea 30-200m"	115	2247	20	3	16.4	3	Summer	36.8	-3.0	402.0	18.40	7.57	13.20	-0.04	15.22	1.76	e6	6	8	1	0.520	169	14-20.5
Alicante_and_Eivissa-Su-200	"Alicante & Eivissa 200-788m"	494	5065	20	3	19.5	3	Summer	38.6	0.0	208.6	19.10	10.87	13.22	-0.03	15.32	2.99	e6	6	16	1	0.062	150	14-20.5
Alicante_and_Eivissa-Su-30	"Alicante & Eivissa 30-200m"	115	5620	20	3	16.4	3	Summer	38.6	0.0	208.6	19.10	11.27	13.67	0.20	15.88	4.09	e6	6	10	1	0.409	215	14-20.5
Bay_of_Biscay-Au-28	"Bay of Biscay 28-100m"	64	26316	20	4	20.5	4	Autumn	45.8	-4.6	520.3	14.70	8.18	11.97	0.79	13.18	3.96	e6	6	37	2	0.102	486	7.5-14
Bear_Island-Au-36	"Bear Island 36-830m"	433	258318	16	7	25	3.4	Autumn	77.0	18.7	117.1	1.50	3.14	1.27	0.38	1.35	1.81	e6	6	214	1	0.144	1576	<7.5
Celtic_Sea-Au-65	"Celtic Sea 65-524m"	294.5	141601	20	4.1	18.7	4	Autumn	49.9	-8.2	317.1	12.90	6.00	10.57	0.34	11.50	2.52	e6	6	38	1	0.054	545	7.5-14
Davis_Strait-Au-400	"Davis Strait 400-1500m"	950	52602	30	5	28	3	Autumn	64.2	-54.7	114.1	1.60	4.96	3.84	-0.29	1.88	1.65	e6	6	42	1	0.176	591	<7.5
E_Greenl_GDR-Au-200	"E Greenland 200-400m"	300	56488	30	4	22	4.5	Autumn	62.8	-36.8	112.4	4.20	1.47	4.68	0.08	4.61	0.72	e6	6	98	1	4.536	1069	<7.5
E_Greenl_GDR-Au-50	"E Greenland 50-200m"	125	17576	30	4	22	4.5	Autumn	62.8	-36.8	112.4	3.30	1.08	4.28	0.20	3.77	0.51	e6	6	33	1	8.197	366	<7.5
E_Greenland-Su-400	"E Greenland 400-1500m"	950	43458	30	5	28	3	Summer	64.2	-35.8	112.4	4.50	2.01	3.95	-0.07	4.86	1.06	e6	6	34	1	0.346	476	<7.5
Far_NE-Sp-200	"Faroe Islands NE Feb 200-500m"	350	16393	40	4	17.5	3	Spring	61.7	-5.5	215.3	8.70	3.53	5.52	0.44	8.14	2.25	e6	6	27	1	2.432	283	7.5-14
Far_NE-Su-200	"Faroe Islands NE Aug 200-500m"	350	16393	40	4	17.5	3	Summer	61.7	-5.5	215.3	8.70	3.53	5.52	0.44	8.14	2.25	e6	6	57	1	1.022	585	7.5-14
Far_Pla-Sp-65	"Faroe Plateau Feb 65-200m"	132.5	18178	40	4	16	3	Spring	61.7	-6.7	196.8	8.70	3.17	7.63	1.29	8.33	2.35	e6	6	93	1	15.613	1033	7.5-14
Far_Pla-Su-65	"Faroe Plateau Feb 65-200m"	132.5	18178	40	4	16	3	Summer	61.7	-6.7	196.8	8.70	3.17	7.63	1.29	8.33	2.35	e6	6	146	1	9.348	1643	7.5-14
Far_SW-Su-200	"Faroe SW 200-500m"	350	8576	40	4	17.5	3	Summer	61.7	-7.9	199.7	9.00	2.99	5.52	0.42	8.59	2.03	e6	6	35	1	3.341	361	7.5-14
Guinea-All-5	"Guinea 5-50m"	27.5	32558	25	3	13	3	All	9.8	-14.8	693.7	27.30	1.38	22.64	3.41	25.29	2.85	e6	6	82	2	0.458	2280	>20.5
Guinea-All-50	"Guinea 50-200m"	125	4783	25	3	13	3	All	9.8	-14.8	693.7	27.30	1.43	16.99	1.38	22.40	2.54	e6	6	4	0	0.000	103	>20.5
GuLw1_N-Su-200	"Gulf St. Lawrence I 200-520m"	360	59533	19	5.5	13.4	3	Summer	49.6	-62.4	324.4	5.10	13.43	3.81	-0.08	1.75	3.21	e6	6	62	1	2.073	2100	<7.5
GuLw1_N-Su-40	"Gulf St. Lawrence I 40-200m"	120	36826	19	5.5	13.4	3	Summer	49.6	-62.4	324.4	5.10	13.43	3.81	-0.08	1.75	3.21	e6	6	27	1	1.693	911	<7.5
GuLw2_N-Su-200	"Gulf St. Lawrence II 200-671m"	360	59533	12.7	4	16.9	3	Summer	49.6	-62.4	324.4	5.10	13.43	3.81	-0.08	1.75	3.21	e6	6	24	2	24.377	1034	<7.5
GuLw2_N-Su-40	"Gulf St. Lawrence II 40-200m"	120	36826	12.7	4	16.9	3	Summer	49.6	-62.4	324.4	5.10	13.43	3.81	-0.08	1.75	3.21	e6	6	16	1	18.277	671	<7.5
Iceland_NE-Au-200	"Iceland NE 200-1160m"	679.75	106038	40	5.5	17	3.8	Autumn	65.8	-16.6	187.6	3.90	4.18	0.53	0.13	3.15	2.08	e6	6	118	1	0.025	1248	<7.5
Iceland_NE-Au-60	"Iceland NE 60-200m"	129.75	40140	40	4.5	17	3.8	Autumn	65.5	-17.3	187.6	5.20	4.65	3.94	1.59	4.67	3.01	e6	6	45	1	0.148	470	<7.5
Iceland_SW-Au-201	"Iceland SW 200-1313m"	756.25	50278	40	5.5	17	3.8	Autumn	65.1	-25.8	262.1	7.70	3.62	5.86	0.28	7.20	1.96	e6	6	87	1	0.272	916	<7.6
Iceland_SW-Au-42	"Iceland SW 42-200m"	120.75	39766	40	4.5	17	3.8	Autumn	65.0	-20.5	262.1	7.70	4.45	7.01	1.45	7.35	2.89	e6	6	44	1	2.124	467	<7.7
Mauritania-All-5	"Mauritania 5-50m"	27.5	14127	40	4	17	3.5	All	18.5	-16.9	1885.6	20.80	6.89	17.60	4.12	19.34	5.79	e6	6	89	3	7.252	1621	14-20.5
Mauritania-All-50	"Mauretania 50-200m"	125	10646	40	4	17	3.5	All	18.5	-16.9	1885.6	21.50	7.54	14.17	1.47	18.37	4.64	e6	6	71	4	1.049	1285	14-20.5
Morocco-All-200	"Morocco 200-400m"	300	4876	40	2.1	21.4	3	All	32.3	-8.6	380.3	19.10	3.83	12.23	-0.25	17.27	0.83	e6	6	7	0	0.000	178	14-20.5
Morocco-All-22	"Morocco 22-200m"	111	28889	40	2.1	21.4	3	All	32.3	-8.6	380.3	19.20	3.97	15.23	-0.37	17.55	1.11	e6	6	20	0	0.000	548	14-20.5
Morocco-All-400	"Morocco 400-890m"	645	10690	40	2.1	21.4	3	All	32.3	-8.6	380.3	19.20	4.04	10.48	-0.14	17.27	0.95	e6	6	13	0	0.000	227	14-20.5
North_Sea-Su-11	"North Sea Aug 11-269m"	140	493244	20	5	21	4	Summer	56.4	2.4	387.3	10.10	8.14	8.36	3.49	9.16	5.66	e6	6	289	1	0.273	3736	7.5-14
North_Sea-Wi-10	"North Sea Feb 10-270m"	140	499507	20	5	21	4	Winter	56.2	2.3	387.3	10.10	8.16	8.37	3.53	9.17	5.70	e6	6	765	1	0.172	9152	7.5-14
Northern_Spain-Au-35.5	"Northern Spain 35.5-493m"	264	20279	20	2	18.9	3	Autumn	43.0	-5.7	379.1	15.50	5.72	11.74	0.31	13.88	2.15	e6	6	137	3	0.117	2610	7.5-14
Norwegian_coast-Au-140	"Norwegian coast 140-803m"	471.5	118922	16	7	25	3.4	Autumn	72.4	22.2	172.6	6.10	3.70	3.52	-0.30	5.49	1.73	e6	6	67	1	0.332	530	<7.5
Porcupine_Bank-Au-189	"Porcupine Bank 189-763m"	476	53139	20	3.5	20	3.5	Autumn	52.5	-13.1	235.2	12.40	4.54	10.13	-0.05	11.40	2.01	e6	6	42	1	0.362	651	7.5-14
Portugal_N-Au-14	"Portugal North 14-678m"	346	12482	20	4.6	15	3.5	Autumn	40.6	-9.3	497.6	16.30	4.66	13.22	-0.27	14.87	1.43	e6	6	48	2	0.799	678	14-20.5
Portugal_S-Au-16	"Portugal South 19-690m"	354.5	2801	20	4.6	15	3.5	Autumn	36.9	-8.2	497.6	18.10	4.49	14.34	-0.35	16.56	1.34	e6	6	30	3	0.403	411	14-20.5
Portugal_SW-Au-30	"Portugal Southwest 30-460m"	245	8248	20	4.6	15	3.5	Autumn	38.3	-9.5	497.6	17.00	4.00	13.36	-0.38	15.58	1.15	e6	6	39	2	9.153	567	14-20.5
S_Barents_Sea-Au-36	"Southern Barents Sea 36-830m"	433	820387	16	7	25	3.4	Autumn	73.2	38.7	128.0	2.30	4.67	0.72	-0.02	1.47	1.93	e6	6	296	1	0.073	2144	<7.5
S_Tyrrhenian_Sea-Su-19	"South Tyrrhenian Sea 19-200m"	109.5	941	20	1.9	18.4	3	Summer	38.3	14.3	170.0	19.50	11.21	13.72	-0.01	15.80	2.96	e6	6	6	0	0.000	122	14-20.5
S_Tyrrhenian_Sea-Su-200	"South Tyrrhenian Sea 200-693m"	446.5	1821	20	1.9	18.4	3	Summer	38.3	14.3	170.0	19.50	11.21	13.72	-0.01	15.80	2.96	e6	6	13	0	0.000	127	14-20.5
Scotian_shelf-Su-17	"Scotian shelf 12-200m"	106	190955	19	4.6	12.5	3.5	Summer	44.2	-62.4	306.2	8.00	13.35	5.38	0.94	5.43	4.94	e6	6	167	2	7.648	4097	7.5-14
Tramontana-Su-200	"Tramontana 200-767m"	483.5	5318	20	3	20.3	3	Summer	41.0	2.2	241.6	18.11	10.61	13.36	0.44	13.19	4.43	e6	6	12	0	0.000	106	14-20.5
Tramontana-Su-30	"Tramontana 30-200m"	115	10149	20	3	16.3	3	Summer	41.0	2.2	241.6	17.70	10.19	13.11	0.06	14.67	3.55	e6	6	32	1	0.570	347	14-20.5
W_Greenland_GDR-Au-200	"W Greenland 200-400m"	300	13077	30	4	22	4.5	Autumn	62.9	-50.3	124.5	1.60	3.86	3.75	0.10	1.95	1.79	e6	6	68	1	1.749	740	<7.5
W_Greenland_GDR-Au-50	"W Greenland 50-200m"	124.5	47617	30	4	22	4.5	Autumn	62.9	-50.3	124.5	1.60	3.43	2.87	0.43	1.90	1.73	e6	6	122	1	5.574	1331	<7.5
West_of_Scotland-Au-30	"West of Scotland Nov 30-500m"	265	114470	20	4.6	20	4	Autumn	57.3	-7.7	324.4	10.80	4.58	9.65	1.37	10.28	3.02	e6	6	49	0	0.000	527	7.5-14
West_of_Scotland-Wi-10	"West of Scotland Mar 10-405m"	207.5	114003	20	4.6	20	4	Winter	57.3	-7.7	324.4	10.80	4.59	9.68	1.38	10.28	3.03	e6	6	99	1	0.055	991	7.5-14
Adriatic-Su-16	"Adriatic 16-449m"	232.5	54363	20	2.3	16.5	3	Summer	43.9	15.7	223.5	17.90	10.81	13.46	0.73	15.05	4.14	e6.5	6.5	31	0	0.000	657	14-20.5
Alboran_Sea-Su-200	"Alboran Sea 200-810m"	505	8812	20	3	19.4	3	Summer	36.8	-3.0	402.0	18.30	7.17	13.10	-0.04	15.20	1.61	e6.5	6.5	27	0	0.000	251	14-20.5
Alboran_Sea-Su-30	"Alboran Sea 30-200m"	115	2247	20	3	16.4	3	Summer	36.8	-3.0	402.0	18.40	7.57	13.20	-0.04	15.22	1.76	e6.5	6.5	8	0	0.000	169	14-20.5
Alicante_and_Eivissa-Su-200	"Alicante & Eivissa 200-788m"	494	5065	20	3	19.5	3	Summer	38.6	0.0	208.6	19.10	10.87	13.22	-0.03	15.32	2.99	e6.5	6.5	16	0	0.000	150	14-20.5
Alicante_and_Eivissa-Su-30	"Alicante & Eivissa 30-200m"	115	5620	20	3	16.4	3	Summer	38.6	0.0	208.6	19.10	11.27	13.67	0.20	15.88	4.09	e6.5	6.5	10	0	0.000	215	14-20.5
Bay_of_Biscay-Au-28	"Bay of Biscay 28-100m"	64	26316	20	4	20.5	4	Autumn	45.8	-4.6	520.3	14.70	8.18	11.97	0.79	13.18	3.96	e6.5	6.5	37	0	0.000	486	7.5-14
Bear_Island-Au-36	"Bear Island 36-830m"	433	258318	16	7	25	3.4	Autumn	77.0	18.7	117.1	1.50	3.14	1.27	0.38	1.35	1.81	e6.5	6.5	214	1	0.029	1576	<7.5
Celtic_Sea-Au-65	"Celtic Sea 65-524m"	294.5	141601	20	4.1	18.7	4	Autumn	49.9	-8.2	317.1	12.90	6.00	10.57	0.34	11.50	2.52	e6.5	6.5	38	0	0.000	545	7.5-14
Davis_Strait-Au-400	"Davis Strait 400-1500m"	950	52602	30	5	28	3	Autumn	64.2	-54.7	114.1	1.60	4.96	3.84	-0.29	1.88	1.65	e6.5	6.5	42	1	0.051	591	<7.5
E_Greenl_GDR-Au-200	"E Greenland 200-400m"	300	56488	30	4	22	4.5	Autumn	62.8	-36.8	112.4	4.20	1.47	4.68	0.08	4.61	0.72	e6.5	6.5	98	1	0.055	1069	<7.5
E_Greenl_GDR-Au-50	"E Greenland 50-200m"	125	17576	30	4	22	4.5	Autumn	62.8	-36.8	112.4	3.30	1.08	4.28	0.20	3.77	0.51	e6.5	6.5	33	1	0.055	366	<7.5
E_Greenland-Su-400	"E Greenland 400-1500m"	950	43458	30	5	28	3	Summer	64.2	-35.8	112.4	4.50	2.01	3.95	-0.07	4.86	1.06	e6.5	6.5	34	1	0.478	476	<7.5
Far_NE-Sp-200	"Faroe Islands NE Feb 200-500m"	350	16393	40	4	17.5	3	Spring	61.7	-5.5	215.3	8.70	3.53	5.52	0.44	8.14	2.25	e6.5	6.5	27	0	0.000	283	7.5-14
Far_NE-Su-200	"Faroe Islands NE Aug 200-500m"	350	16393	40	4	17.5	3	Summer	61.7	-5.5	215.3	8.70	3.53	5.52	0.44	8.14	2.25	e6.5	6.5	57	0	0.000	585	7.5-14
Far_Pla-Sp-65	"Faroe Plateau Feb 65-200m"	132.5	18178	40	4	16	3	Spring	61.7	-6.7	196.8	8.70	3.17	7.63	1.29	8.33	2.35	e6.5	6.5	93	0	0.000	1033	7.5-14
Far_Pla-Su-65	"Faroe Plateau Feb 65-200m"	132.5	18178	40	4	16	3	Summer	61.7	-6.7	196.8	8.70	3.17	7.63	1.29	8.33	2.35	e6.5	6.5	146	0	0.000	1643	7.5-14
Far_SW-Su-200	"Faroe SW 200-500m"	350	8576	40	4	17.5	3	Summer	61.7	-7.9	199.7	9.00	2.99	5.52	0.42	8.59	2.03	e6.5	6.5	35	0	0.000	361	7.5-14
Guinea-All-5	"Guinea 5-50m"	27.5	32558	25	3	13	3	All	9.8	-14.8	693.7	27.30	1.38	22.64	3.41	25.29	2.85	e6.5	6.5	82	4	0.214	2280	>20.5
Guinea-All-50	"Guinea 50-200m"	125	4783	25	3	13	3	All	9.8	-14.8	693.7	27.30	1.43	16.99	1.38	22.40	2.54	e6.5	6.5	4	0	0.000	103	>20.5
GuLw1_N-Su-200	"Gulf St. Lawrence I 200-520m"	360	59533	19	5.5	13.4	3	Summer	49.6	-62.4	324.4	5.10	13.43	3.81	-0.08	1.75	3.21	e6.5	6.5	62	0	0.000	2100	<7.5
GuLw1_N-Su-40	"Gulf St. Lawrence I 40-200m"	120	36826	19	5.5	13.4	3	Summer	49.6	-62.4	324.4	5.10	13.43	3.81	-0.08	1.75	3.21	e6.5	6.5	27	0	0.000	911	<7.5
GuLw2_N-Su-200	"Gulf St. Lawrence II 200-671m"	360	59533	12.7	4	16.9	3	Summer	49.6	-62.4	324.4	5.10	13.43	3.81	-0.08	1.75	3.21	e6.5	6.5	24	0	0.000	1034	<7.5
GuLw2_N-Su-40	"Gulf St. Lawrence II 40-200m"	120	36826	12.7	4	16.9	3	Summer	49.6	-62.4	324.4	5.10	13.43	3.81	-0.08	1.75	3.21	e6.5	6.5	16	0	0.000	671	<7.5
Iceland_NE-Au-200	"Iceland NE 200-1160m"	679.75	106038	40	5.5	17	3.8	Autumn	65.8	-16.6	187.6	3.90	4.18	0.53	0.13	3.15	2.08	e6.5	6.5	118	0	0.000	1248	<7.5
Iceland_NE-Au-60	"Iceland NE 60-200m"	129.75	40140	40	4.5	17	3.8	Autumn	65.5	-17.3	187.6	5.20	4.65	3.94	1.59	4.67	3.01	e6.5	6.5	45	0	0.000	470	<7.5
Iceland_SW-Au-201	"Iceland SW 200-1313m"	756.25	50278	40	5.5	17	3.8	Autumn	65.1	-25.8	262.1	7.70	3.62	5.86	0.28	7.20	1.96	e6.5	6.5	87	1	0.042	916	<7.6
Iceland_SW-Au-42	"Iceland SW 42-200m"	120.75	39766	40	4.5	17	3.8	Autumn	65.0	-20.5	262.1	7.70	4.45	7.01	1.45	7.35	2.89	e6.5	6.5	44	0	0.000	467	<7.7
Mauritania-All-5	"Mauritania 5-50m"	27.5	14127	40	4	17	3.5	All	18.5	-16.9	1885.6	20.80	6.89	17.60	4.12	19.34	5.79	e6.5	6.5	89	0	0.000	1621	14-20.5
Mauritania-All-50	"Mauretania 50-200m"	125	10646	40	4	17	3.5	All	18.5	-16.9	1885.6	21.50	7.54	14.17	1.47	18.37	4.64	e6.5	6.5	71	0	0.000	1285	14-20.5
Morocco-All-200	"Morocco 200-400m"	300	4876	40	2.1	21.4	3	All	32.3	-8.6	380.3	19.10	3.83	12.23	-0.25	17.27	0.83	e6.5	6.5	7	0	0.000	178	14-20.5
Morocco-All-22	"Morocco 22-200m"	111	28889	40	2.1	21.4	3	All	32.3	-8.6	380.3	19.20	3.97	15.23	-0.37	17.55	1.11	e6.5	6.5	20	0	0.000	548	14-20.5
Morocco-All-400	"Morocco 400-890m"	645	10690	40	2.1	21.4	3	All	32.3	-8.6	380.3	19.20	4.04	10.48	-0.14	17.27	0.95	e6.5	6.5	13	0	0.000	227	14-20.5
North_Sea-Su-11	"North Sea Aug 11-269m"	140	493244	20	5	21	4	Summer	56.4	2.4	387.3	10.10	8.14	8.36	3.49	9.16	5.66	e6.5	6.5	289	0	0.000	3736	7.5-14
North_Sea-Wi-10	"North Sea Feb 10-270m"	140	499507	20	5	21	4	Winter	56.2	2.3	387.3	10.10	8.16	8.37	3.53	9.17	5.70	e6.5	6.5	765	0	0.000	9152	7.5-14
Northern_Spain-Au-35.5	"Northern Spain 35.5-493m"	264	20279	20	2	18.9	3	Autumn	43.0	-5.7	379.1	15.50	5.72	11.74	0.31	13.88	2.15	e6.5	6.5	137	0	0.000	2610	7.5-14
Norwegian_coast-Au-140	"Norwegian coast 140-803m"	471.5	118922	16	7	25	3.4	Autumn	72.4	22.2	172.6	6.10	3.70	3.52	-0.30	5.49	1.73	e6.5	6.5	67	1	0.061	530	<7.5
Porcupine_Bank-Au-189	"Porcupine Bank 189-763m"	476	53139	20	3.5	20	3.5	Autumn	52.5	-13.1	235.2	12.40	4.54	10.13	-0.05	11.40	2.01	e6.5	6.5	42	0	0.000	651	7.5-14
Portugal_N-Au-14	"Portugal North 14-678m"	346	12482	20	4.6	15	3.5	Autumn	40.6	-9.3	497.6	16.30	4.66	13.22	-0.27	14.87	1.43	e6.5	6.5	48	0	0.000	678	14-20.5
Portugal_S-Au-16	"Portugal South 19-690m"	354.5	2801	20	4.6	15	3.5	Autumn	36.9	-8.2	497.6	18.10	4.49	14.34	-0.35	16.56	1.34	e6.5	6.5	30	0	0.000	411	14-20.5
Portugal_SW-Au-30	"Portugal Southwest 30-460m"	245	8248	20	4.6	15	3.5	Autumn	38.3	-9.5	497.6	17.00	4.00	13.36	-0.38	15.58	1.15	e6.5	6.5	39	0	0.000	567	14-20.5
S_Barents_Sea-Au-36	"Southern Barents Sea 36-830m"	433	820387	16	7	25	3.4	Autumn	73.2	38.7	128.0	2.30	4.67	0.72	-0.02	1.47	1.93	e6.5	6.5	296	1	0.021	2144	<7.5
S_Tyrrhenian_Sea-Su-19	"South Tyrrhenian Sea 19-200m"	109.5	941	20	1.9	18.4	3	Summer	38.3	14.3	170.0	19.50	11.21	13.72	-0.01	15.80	2.96	e6.5	6.5	6	0	0.000	122	14-20.5
S_Tyrrhenian_Sea-Su-200	"South Tyrrhenian Sea 200-693m"	446.5	1821	20	1.9	18.4	3	Summer	38.3	14.3	170.0	19.50	11.21	13.72	-0.01	15.80	2.96	e6.5	6.5	13	0	0.000	127	14-20.5
Scotian_shelf-Su-17	"Scotian shelf 12-200m"	106	190955	19	4.6	12.5	3.5	Summer	44.2	-62.4	306.2	8.00	13.35	5.38	0.94	5.43	4.94	e6.5	6.5	167	0	0.000	4097	7.5-14
Tramontana-Su-200	"Tramontana 200-767m"	483.5	5318	20	3	20.3	3	Summer	41.0	2.2	241.6	18.11	10.61	13.36	0.44	13.19	4.43	e6.5	6.5	12	0	0.000	106	14-20.5
Tramontana-Su-30	"Tramontana 30-200m"	115	10149	20	3	16.3	3	Summer	41.0	2.2	241.6	17.70	10.19	13.11	0.06	14.67	3.55	e6.5	6.5	32	0	0.000	347	14-20.5
W_Greenland_GDR-Au-200	"W Greenland 200-400m"	300	13077	30	4	22	4.5	Autumn	62.9	-50.3	124.5	1.60	3.86	3.75	0.10	1.95	1.79	e6.5	6.5	68	1	0.109	740	<7.5
W_Greenland_GDR-Au-50	"W Greenland 50-200m"	124.5	47617	30	4	22	4.5	Autumn	62.9	-50.3	124.5	1.60	3.43	2.87	0.43	1.90	1.73	e6.5	6.5	122	0	0.000	1331	<7.5
West_of_Scotland-Au-30	"West of Scotland Nov 30-500m"	265	114470	20	4.6	20	4	Autumn	57.3	-7.7	324.4	10.80	4.58	9.65	1.37	10.28	3.02	e6.5	6.5	49	0	0.000	527	7.5-14
West_of_Scotland-Wi-10	"West of Scotland Mar 10-405m"	207.5	114003	20	4.6	20	4	Winter	57.3	-7.7	324.4	10.80	4.59	9.68	1.38	10.28	3.03	e6.5	6.5	99	0	0.000	991	7.5-14
